


yyyy/mmdd(or -ddd)/hh.h):2012/ 211/10.0UT  geog Lat/Long/Alt= 69.0/  23.0/  90.0

IRIcor2 is used for topside Ne profile
URSI maps are used for the F2 peak density (NmF2)
foF2 STORM model is turned on
Shubin2015model is used for F2 peak height (hmF2)
ABT-2009 option is used for the bottomside thickness parameter B0
Scotto-97 no L   option is used for the F1 occurrence probability
foE auroral storm model is turned off
IRI-1990   option is used for D-region
TBT-2012 with solar dependence is used for the electron temperature
Tru-2021 option is used for the ion temperature
RBV10+TBT15 option is used for ion composition
CGM coordinates not computed
auroral boundaries not computed

Peak Densities/cm-3: NmF2= 576064.9   NmF1=      0.0   NmE=  49417.4
Peak Heights/km:     hmF2=   238.88   hmF1=     0.00   hmE=   110.00

Solar Zenith Angle/degree                              83.0
Dip (Magnetic Inclination)/degree                      77.89
Modip (Modified Dip)/degree                            66.23
Solar Sunspot Number (12-months running mean) Rz12     66.8
Ionospheric-Effective Solar Index IG12                 77.9
Solar radio flux F10.7 (daily)                        109.4
Solar radio flux F10.7 (81-day average)               116.9

TEC [1.E16 m-2] is obtained by numerical integration in 1km steps
  from 50 to  2000.0 km. t is the percentage of TEC above the F peak.

-
    H   ELECTRON DENSITY    TEMPERATURES      ION PERCENTAGES[%]*10     1E16m-2
    km    Ne/cm-3 Ne/NmF2 Tn/K  Ti/K  Te/K  O+  N+  H+ He+ O2+ NO+ Clust TEC t/%
    0.0-0.1000E-05-1.000    -1    -1    -1  -1  -1  -1  -1  -1  -1  -1  19.7  79
    1.0-0.1000E-05-1.000    -1    -1    -1  -1  -1  -1  -1  -1  -1  -1  19.7  79
    2.0-0.1000E-05-1.000    -1    -1    -1  -1  -1  -1  -1  -1  -1  -1  19.7  79
    3.0-0.1000E-05-1.000    -1    -1    -1  -1  -1  -1  -1  -1  -1  -1  19.7  79
    4.0-0.1000E-05-1.000    -1    -1    -1  -1  -1  -1  -1  -1  -1  -1  19.7  79
    5.0-0.1000E-05-1.000    -1    -1    -1  -1  -1  -1  -1  -1  -1  -1  19.7  79
    6.0-0.1000E-05-1.000    -1    -1    -1  -1  -1  -1  -1  -1  -1  -1  19.7  79
    7.0-0.1000E-05-1.000    -1    -1    -1  -1  -1  -1  -1  -1  -1  -1  19.7  79
    8.0-0.1000E-05-1.000    -1    -1    -1  -1  -1  -1  -1  -1  -1  -1  19.7  79
    9.0-0.1000E-05-1.000    -1    -1    -1  -1  -1  -1  -1  -1  -1  -1  19.7  79
   10.0-0.1000E-05-1.000    -1    -1    -1  -1  -1  -1  -1  -1  -1  -1  19.7  79
   11.0-0.1000E-05-1.000    -1    -1    -1  -1  -1  -1  -1  -1  -1  -1  19.7  79
   12.0-0.1000E-05-1.000    -1    -1    -1  -1  -1  -1  -1  -1  -1  -1  19.7  79
   13.0-0.1000E-05-1.000    -1    -1    -1  -1  -1  -1  -1  -1  -1  -1  19.7  79
   14.0-0.1000E-05-1.000    -1    -1    -1  -1  -1  -1  -1  -1  -1  -1  19.7  79
   15.0-0.1000E-05-1.000    -1    -1    -1  -1  -1  -1  -1  -1  -1  -1  19.7  79
   16.0-0.1000E-05-1.000    -1    -1    -1  -1  -1  -1  -1  -1  -1  -1  19.7  79
   17.0-0.1000E-05-1.000    -1    -1    -1  -1  -1  -1  -1  -1  -1  -1  19.7  79
   18.0-0.1000E-05-1.000    -1    -1    -1  -1  -1  -1  -1  -1  -1  -1  19.7  79
   19.0-0.1000E-05-1.000    -1    -1    -1  -1  -1  -1  -1  -1  -1  -1  19.7  79
   20.0-0.1000E-05-1.000    -1    -1    -1  -1  -1  -1  -1  -1  -1  -1  19.7  79
   21.0-0.1000E-05-1.000    -1    -1    -1  -1  -1  -1  -1  -1  -1  -1  19.7  79
   22.0-0.1000E-05-1.000    -1    -1    -1  -1  -1  -1  -1  -1  -1  -1  19.7  79
   23.0-0.1000E-05-1.000    -1    -1    -1  -1  -1  -1  -1  -1  -1  -1  19.7  79
   24.0-0.1000E-05-1.000    -1    -1    -1  -1  -1  -1  -1  -1  -1  -1  19.7  79
   25.0-0.1000E-05-1.000    -1    -1    -1  -1  -1  -1  -1  -1  -1  -1  19.7  79
   26.0-0.1000E-05-1.000    -1    -1    -1  -1  -1  -1  -1  -1  -1  -1  19.7  79
   27.0-0.1000E-05-1.000    -1    -1    -1  -1  -1  -1  -1  -1  -1  -1  19.7  79
   28.0-0.1000E-05-1.000    -1    -1    -1  -1  -1  -1  -1  -1  -1  -1  19.7  79
   29.0-0.1000E-05-1.000    -1    -1    -1  -1  -1  -1  -1  -1  -1  -1  19.7  79
   30.0-0.1000E-05-1.000    -1    -1    -1  -1  -1  -1  -1  -1  -1  -1  19.7  79
   31.0-0.1000E-05-1.000    -1    -1    -1  -1  -1  -1  -1  -1  -1  -1  19.7  79
   32.0-0.1000E-05-1.000    -1    -1    -1  -1  -1  -1  -1  -1  -1  -1  19.7  79
   33.0-0.1000E-05-1.000    -1    -1    -1  -1  -1  -1  -1  -1  -1  -1  19.7  79
   34.0-0.1000E-05-1.000    -1    -1    -1  -1  -1  -1  -1  -1  -1  -1  19.7  79
   35.0-0.1000E-05-1.000    -1    -1    -1  -1  -1  -1  -1  -1  -1  -1  19.7  79
   36.0-0.1000E-05-1.000    -1    -1    -1  -1  -1  -1  -1  -1  -1  -1  19.7  79
   37.0-0.1000E-05-1.000    -1    -1    -1  -1  -1  -1  -1  -1  -1  -1  19.7  79
   38.0-0.1000E-05-1.000    -1    -1    -1  -1  -1  -1  -1  -1  -1  -1  19.7  79
   39.0-0.1000E-05-1.000    -1    -1    -1  -1  -1  -1  -1  -1  -1  -1  19.7  79
   40.0-0.1000E-05-1.000    -1    -1    -1  -1  -1  -1  -1  -1  -1  -1  19.7  79
   41.0-0.1000E-05-1.000    -1    -1    -1  -1  -1  -1  -1  -1  -1  -1  19.7  79
   42.0-0.1000E-05-1.000    -1    -1    -1  -1  -1  -1  -1  -1  -1  -1  19.7  79
   43.0-0.1000E-05-1.000    -1    -1    -1  -1  -1  -1  -1  -1  -1  -1  19.7  79
   44.0-0.1000E-05-1.000    -1    -1    -1  -1  -1  -1  -1  -1  -1  -1  19.7  79
   45.0-0.1000E-05-1.000    -1    -1    -1  -1  -1  -1  -1  -1  -1  -1  19.7  79
   46.0-0.1000E-05-1.000    -1    -1    -1  -1  -1  -1  -1  -1  -1  -1  19.7  79
   47.0-0.1000E-05-1.000    -1    -1    -1  -1  -1  -1  -1  -1  -1  -1  19.7  79
   48.0-0.1000E-05-1.000    -1    -1    -1  -1  -1  -1  -1  -1  -1  -1  19.7  79
   49.0-0.1000E-05-1.000    -1    -1    -1  -1  -1  -1  -1  -1  -1  -1  19.7  79
   50.0-0.1000E-05-1.000    -1    -1    -1  -1  -1  -1  -1  -1  -1  -1  19.7  79
   51.0-0.1000E-05-1.000    -1    -1    -1  -1  -1  -1  -1  -1  -1  -1  19.7  79
   52.0-0.1000E-05-1.000    -1    -1    -1  -1  -1  -1  -1  -1  -1  -1  19.7  79
   53.0-0.1000E-05-1.000    -1    -1    -1  -1  -1  -1  -1  -1  -1  -1  19.7  79
   54.0-0.1000E-05-1.000    -1    -1    -1  -1  -1  -1  -1  -1  -1  -1  19.7  79
   55.0-0.1000E-05-1.000    -1    -1    -1  -1  -1  -1  -1  -1  -1  -1  19.7  79
   56.0-0.1000E-05-1.000    -1    -1    -1  -1  -1  -1  -1  -1  -1  -1  19.7  79
   57.0-0.1000E-05-1.000    -1    -1    -1  -1  -1  -1  -1  -1  -1  -1  19.7  79
   58.0-0.1000E-05-1.000    -1    -1    -1  -1  -1  -1  -1  -1  -1  -1  19.7  79
   59.0-0.1000E-05-1.000    -1    -1    -1  -1  -1  -1  -1  -1  -1  -1  19.7  79
   60.0-0.1000E-05-1.000   246   246   246  -1  -1  -1  -1  -1  -1  -1  19.7  79
   61.0-0.1000E-05-1.000   244   244   244  -1  -1  -1  -1  -1  -1  -1  19.7  79
   62.0-0.1000E-05-1.000   241   241   241  -1  -1  -1  -1  -1  -1  -1  19.7  79
   63.0-0.1000E-05-1.000   239   239   239  -1  -1  -1  -1  -1  -1  -1  19.7  79
   64.0-0.1000E-05-1.000   236   236   236  -1  -1  -1  -1  -1  -1  -1  19.7  79
   65.0 0.6119E+02 0.000   234   234   234  -1  -1  -1  -1  -1  -1  -1  19.7  79
   66.0 0.7646E+02 0.000   231   231   231  -1  -1  -1  -1  -1  -1  -1  19.7  79
   67.0 0.9370E+02 0.000   229   229   229  -1  -1  -1  -1  -1  -1  -1  19.7  79
   68.0 0.1128E+03 0.000   227   227   227  -1  -1  -1  -1  -1  -1  -1  19.7  79
   69.0 0.1334E+03 0.000   225   225   225  -1  -1  -1  -1  -1  -1  -1  19.7  79
   70.0 0.1553E+03 0.000   223   223   223  -1  -1  -1  -1  -1  -1  -1  19.7  79
   71.0 0.1782E+03 0.000   221   221   221  -1  -1  -1  -1  -1  -1  -1  19.7  79
   72.0 0.2017E+03 0.000   220   220   220  -1  -1  -1  -1  -1  -1  -1  19.7  79
   73.0 0.2254E+03 0.000   219   219   219  -1  -1  -1  -1  -1  -1  -1  19.7  79
   74.0 0.2490E+03 0.000   218   218   218  -1  -1  -1  -1  -1  -1  -1  19.7  79
   75.0 0.2723E+03 0.000   217   217   217  -1  -1  -1  -1  -1  -1  -1  19.7  79
   76.0 0.2950E+03 0.001   217   217   217  -1  -1  -1  -1  -1  -1  -1  19.7  79
   77.0 0.3170E+03 0.001   217   217   217  -1  -1  -1  -1  -1  -1  -1  19.7  79
   78.0 0.3383E+03 0.001   216   216   216  -1  -1  -1  -1  -1  -1  -1  19.7  79
   79.0 0.3589E+03 0.001   217   217   217  -1  -1  -1  -1  -1  -1  -1  19.7  79
   80.0 0.3790E+03 0.001   217   217   217   0   0   0   0   2 998  -1  19.7  79
   81.0 0.3987E+03 0.001   217   217   217   0   0   0   0   3 997  -1  19.7  79
   82.0 0.4212E+03 0.001   217   217   217   0   0   0   0   3 997  -1  19.7  79
   83.0 0.4649E+03 0.001   217   217   217   0   0   0   0   4 996  -1  19.7  79
   84.0 0.5631E+03 0.001   216   216   216   0   0   0   0   4 996  -1  19.7  79
   85.0 0.7864E+03 0.001   216   216   216   0   0   0   0   6 994  -1  19.7  79
   86.0 0.1309E+04 0.002   215   215   215   0   0   0   0  10 990  -1  19.7  79
   87.0 0.2182E+04 0.004   214   214   214   0   0   0   0  17 983  -1  19.7  79
   88.0 0.3448E+04 0.006   213   213   213   0   0   0   0  27 973  -1  19.7  79
   89.0 0.5181E+04 0.009   212   212   212   0   0   0   0  40 960  -1  19.7  79
   90.0 0.7428E+04 0.013   209   209   209   0   0   0   0  56 944  -1  19.7  79
   91.0 0.1020E+05 0.018   207   207   207   0   0   0   0  76 924  -1  19.7  79
   92.0 0.1345E+05 0.023   204   204   204   0   0   0   0 100 900  -1  19.7  79
   93.0 0.1710E+05 0.030   202   202   202   0   0   0   0 131 869  -1  19.7  79
   94.0 0.2102E+05 0.036   199   199   199   0   0   0   0 164 836  -1  19.7  79
   95.0 0.2506E+05 0.043   196   196   196   0   0   0   0 199 801  -1  19.7  79
   96.0 0.2906E+05 0.050   194   194   194   0   0   0   0 235 765  -1  19.7  79
   97.0 0.3287E+05 0.057   192   192   192   0   0   0   0 269 731  -1  19.7  79
   98.0 0.3638E+05 0.063   190   190   190   0   0   0   0 301 699  -1  19.7  79
   99.0 0.3948E+05 0.069   189   189   189   0   0   0   0 328 672  -1  19.7  79
  100.0 0.4212E+05 0.073   188   188   188   0   0   0   0 345 655  -1  19.7  79
  101.0 0.4428E+05 0.077   189   189   189   0   0   0   0 348 652  -1  19.7  79
  102.0 0.4598E+05 0.080   190   190   190   0   0   0   0 351 649  -1  19.7  79
  103.0 0.4725E+05 0.082   191   191   191   0   0   0   0 361 639  -1  19.7  79
  104.0 0.4816E+05 0.084   193   193   193   0   0   0   0 373 627  -1  19.7  79
  105.0 0.4876E+05 0.085   196   196   196   0   0   0   0 383 617  -1  19.7  79
  106.0 0.4912E+05 0.085   200   200   200   0   0   0   0 391 609  -1  19.7  79
  107.0 0.4931E+05 0.086   204   204   204   0   0   0   0 396 604  -1  19.7  79
  108.0 0.4939E+05 0.086   209   209   209   0   0   0   0 399 601  -1  19.7  79
  109.0 0.4942E+05 0.086   215   215   215   0   0   0   0 399 601  -1  19.7  79
  110.0 0.4942E+05 0.086   222   222   222   0   0   0   0 397 603  -1  19.7  79
  111.0 0.4929E+05 0.086   230   230   230   0   0   0   0 393 607  -1  19.7  79
  112.0 0.4892E+05 0.085   239   239   239   0   0   0   0 386 614  -1  19.7  79
  113.0 0.4838E+05 0.084   249   249   249   0   0   0   0 376 623  -1  19.7  79
  114.0 0.4771E+05 0.083   260   260   260   0   0   0   0 365 635  -1  19.7  79
  115.0 0.4697E+05 0.082   273   273   273   0   0   0   0 353 647  -1  19.7  79
  116.0 0.4623E+05 0.080   286   286   286   0   0   0   0 339 660  -1  19.7  79
  117.0 0.4555E+05 0.079   301   301   301   0   0   0   0 326 673  -1  19.7  79
  118.0 0.4498E+05 0.078   317   317   317   0   0   0   0 314 685  -1  19.7  79
  119.0 0.4458E+05 0.077   334   334   334   1   0   0   0 302 697  -1  19.7  79
  120.0 0.4438E+05 0.077   351   351   351   1   0   0   0 292 707  -1  19.7  79
  121.0 0.4442E+05 0.077   369   369   369   1   0   0   0 283 715  -1  19.7  79
  122.0 0.4471E+05 0.078   387   387   387   1   0   0   0 277 722  -1  19.7  79
  123.0 0.4523E+05 0.079   404   404   404   1   0   0   0 272 726  -1  19.7  79
  124.0 0.4597E+05 0.080   418   418   418   2   0   0   0 269 728  -1  19.7  79
  125.0 0.4688E+05 0.081   433   433   433   2   0   0   0 268 729  -1  19.7  79
  126.0 0.4787E+05 0.083   447   447   447   2   0   0   0 268 729  -1  19.7  79
  127.0 0.4885E+05 0.085   460   460   460   3   0   0   0 268 728  -1  19.7  79
  128.0 0.5183E+05 0.090   473   473   473   3   0   0   0 275 720  -1  19.7  79
  129.0 0.5899E+05 0.102   486   486   486   4   0   0   0 292 702  -1  19.7  79
  130.0 0.6615E+05 0.115   498   498   498   5   0   0   0 308 684  -1  19.7  79
  131.0 0.7332E+05 0.127   510   510   510   7   0   0   0 323 668  -1  19.7  79
  132.0 0.8048E+05 0.140   521   521   521   8   0   0   0 336 653  -1  19.7  79
  133.0 0.8764E+05 0.152   532   532   532  10   0   0   0 348 639  -1  19.7  79
  134.0 0.9481E+05 0.165   543   543   543  12   0   0   0 360 625  -1  19.7  79
  135.0 0.1020E+06 0.177   553   553   553  14   0   0   0 371 612  -1  19.7  79
  136.0 0.1091E+06 0.189   563   563   563  16   0   0   0 381 599  -1  19.7  79
  137.0 0.1163E+06 0.202   573   573   576  18   1   0   0 390 587  -1  19.7  79
  138.0 0.1235E+06 0.214   582   582   589  21   1   0   0 398 576  -1  19.7  79
  139.0 0.1306E+06 0.227   591   591   602  24   1   0   0 405 566  -1  19.7  79
  140.0 0.1378E+06 0.239   600   600   615  27   1   0   0 411 556  -1  19.7  79
  141.0 0.1450E+06 0.252   608   608   628  31   1   0   0 416 547  -1  19.7  79
  142.0 0.1521E+06 0.264   616   616   642  35   1   0   0 419 539  -1  19.7  79
  143.0 0.1593E+06 0.276   624   624   655  40   1   0   0 422 531  -1  19.7  79
  144.0 0.1664E+06 0.289   632   632   668  44   1   0   0 424 524  -1  19.7  79
  145.0 0.1736E+06 0.301   639   639   681  50   1   0   0 425 517  -1  19.7  79
  146.0 0.1808E+06 0.314   646   646   694  56   2   0   0 425 511  -1  19.7  79
  147.0 0.1879E+06 0.326   653   653   708  62   2   0   0 423 505  -1  19.7  79
  148.0 0.1951E+06 0.339   660   660   721  69   2   0   0 421 500  -1  19.7  79
  149.0 0.2023E+06 0.351   666   666   734  77   2   0   0 418 494  -1  19.7  79
  150.0 0.2094E+06 0.364   673   673   747  85   2   0   0 414 490  -1  19.7  79
  151.0 0.2166E+06 0.376   679   679   760  94   2   0   0 409 485  -1  19.7  79
  152.0 0.2238E+06 0.388   684   684   773 104   3   0   0 403 480  -1  19.7  79
  153.0 0.2309E+06 0.401   690   690   787 115   3   0   0 397 475  -1  19.7  79
  154.0 0.2381E+06 0.413   696   696   800 126   3   0   0 390 470  -1  19.7  79
  155.0 0.2452E+06 0.426   701   701   813 138   3   0   0 382 465  -1  19.7  79
  156.0 0.2510E+06 0.436   706   706   826 150   4   0   0 374 460  -1  19.7  79
  157.0 0.2555E+06 0.443   711   711   839 162   4   0   0 366 456  -1  19.7  79
  158.0 0.2600E+06 0.451   716   716   853 175   4   0   0 357 451  -1  19.7  79
  159.0 0.2646E+06 0.459   720   720   866 188   4   0   0 349 446  -1  19.7  79
  160.0 0.2692E+06 0.467   725   725   879 202   4   0   0 339 441  -1  19.7  79
  161.0 0.2738E+06 0.475   729   729   892 217   5   0   0 329 436  -1  19.7  79
  162.0 0.2785E+06 0.483   733   733   905 232   5   0   0 320 430  -1  19.7  79
  163.0 0.2832E+06 0.492   737   737   919 247   5   0   0 310 423  -1  19.7  79
  164.0 0.2880E+06 0.500   741   741   932 263   5   0   0 300 417  -1  19.7  79
  165.0 0.2927E+06 0.508   745   745   945 279   6   0   0 291 409  -1  19.7  79
  166.0 0.2975E+06 0.517   749   749   958 296   6   0   0 281 402  -1  19.7  79
  167.0 0.3024E+06 0.525   752   752   971 313   6   0   0 272 394  -1  19.7  79
  168.0 0.3072E+06 0.533   756   756   984 330   6   0   0 263 385  -1  19.7  79
  169.0 0.3121E+06 0.542   759   759   998 348   6   0   0 254 377  -1  19.7  79
  170.0 0.3170E+06 0.550   762   762  1011 365   6   0   0 245 368  -1  19.7  79
  171.0 0.3220E+06 0.559   765   765  1024 383   7   0   0 236 358  -1  19.7  79
  172.0 0.3269E+06 0.568   768   768  1037 401   7   0   0 228 349  -1  19.7  79
  173.0 0.3319E+06 0.576   771   771  1050 418   7   0   0 219 340  -1  19.7  79
  174.0 0.3369E+06 0.585   774   774  1064 436   7   0   0 211 330  -1  19.7  79
  175.0 0.3419E+06 0.593   777   777  1077 454   7   0   0 203 320  -1  19.7  79
  176.0 0.3469E+06 0.602   779   779  1090 471   7   0   0 195 310  -1  19.7  79
  177.0 0.3519E+06 0.611   782   782  1103 489   7   0   0 188 301  -1  19.7  79
  178.0 0.3570E+06 0.620   784   784  1116 506   7   0   0 180 291  -1  19.7  79
  179.0 0.3620E+06 0.628   787   787  1129 522   8   0   0 173 281  -1  19.7  79
  180.0 0.3671E+06 0.637   789   789  1143 539   8   0   0 166 272  -1  19.7  79
  181.0 0.3721E+06 0.646   791   791  1156 555   8   0   0 159 262  -1  19.7  79
  182.0 0.3772E+06 0.655   793   793  1169 571   8   0   0 153 253  -1  19.7  79
  183.0 0.3822E+06 0.663   796   796  1182 587   8   0   0 146 244  -1  19.7  79
  184.0 0.3873E+06 0.672   798   798  1195 602   8   0   0 140 235  -1  19.7  79
  185.0 0.3923E+06 0.681   800   800  1208 617   8   0   0 134 226  -1  19.7  79
  186.0 0.3973E+06 0.690   801   801  1222 632   8   0   0 128 217  -1  19.7  79
  187.0 0.4023E+06 0.698   803   803  1235 646   8   0   0 123 209  -1  19.7  79
  188.0 0.4074E+06 0.707   805   805  1248 660   8   0   0 117 200  -1  19.7  79
  189.0 0.4123E+06 0.716   807   807  1261 674   8   0   0 112 192  -1  19.7  79
  190.0 0.4173E+06 0.724   808   808  1274 687   8   0   0 107 185  -1  19.7  79
  191.0 0.4223E+06 0.733   810   810  1287 699   8   0   0 102 177  -1  19.7  79
  192.0 0.4272E+06 0.742   812   812  1300 711   8   0   0  98 170  -1  19.7  79
  193.0 0.4321E+06 0.750   813   813  1313 723   8   0   0  93 163  -1  19.7  79
  194.0 0.4370E+06 0.759   815   815  1326 735   8   0   0  89 156  -1  19.7  79
  195.0 0.4418E+06 0.767   816   816  1339 746   8   0   0  85 149  -1  19.7  79
  196.0 0.4466E+06 0.775   817   817  1352 756   8   0   0  81 143  -1  19.7  79
  197.0 0.4514E+06 0.784   819   819  1364 766   8   0   0  77 137  -1  19.7  79
  198.0 0.4561E+06 0.792   820   820  1377 776   8   0   0  74 131  -1  19.7  79
  199.0 0.4608E+06 0.800   821   821  1389 786   7   0   0  71 125  -1  19.7  79
  200.0 0.4654E+06 0.808   822   822  1402 795   7   0   0  67 119  -1  19.7  79
  201.0 0.4700E+06 0.816   823   824  1414 803   7   0   0  64 114  -1  19.7  79
  202.0 0.4745E+06 0.824   825   826  1426 812   7   0   0  61 109  -1  19.7  79
  203.0 0.4790E+06 0.832   826   827  1438 820   7   0   0  58 104  -1  19.7  79
  204.0 0.4834E+06 0.839   827   829  1449 828   7   0   0  56  99  -1  19.7  79
  205.0 0.4878E+06 0.847   828   831  1461 835   7   0   0  53  95  -1  19.7  79
  206.0 0.4921E+06 0.854   829   832  1472 842   7   0   0  51  91  -1  19.7  79
  207.0 0.4963E+06 0.862   830   834  1482 849   7   0   0  48  86  -1  19.7  79
  208.0 0.5005E+06 0.869   831   836  1493 855   7   0   0  46  82  -1  19.7  79
  209.0 0.5046E+06 0.876   831   837  1503 862   7   0   0  44  79  -1  19.7  79
  210.0 0.5086E+06 0.883   832   839  1512 868   7   0   0  42  75  -1  19.7  79
  211.0 0.5125E+06 0.890   833   841  1522 873   7   0   0  40  71  -1  19.7  79
  212.0 0.5164E+06 0.896   834   842  1531 879   7   0   0  38  68  -1  19.7  79
  213.0 0.5201E+06 0.903   835   844  1539 884   7   0   0  36  65  -1  19.7  79
  214.0 0.5238E+06 0.909   836   846  1547 889   7   0   0  35  62  -1  19.7  79
  215.0 0.5274E+06 0.915   836   847  1555 894   7   0   0  33  59  -1  19.7  79
  216.0 0.5308E+06 0.921   837   849  1563 899   7   0   0  31  56  -1  19.7  79
  217.0 0.5342E+06 0.927   838   851  1570 903   7   0   0  30  53  -1  19.7  79
  218.0 0.5375E+06 0.933   838   852  1577 907   6   0   0  29  51  -1  19.7  79
  219.0 0.5407E+06 0.939   839   854  1584 911   6   0   0  27  48  -1  19.7  79
  220.0 0.5437E+06 0.944   840   856  1591 915   6   0   0  26  46  -1  19.7  79
  221.0 0.5467E+06 0.949   840   857  1598 919   6   0   0  25  44  -1  19.7  79
  222.0 0.5495E+06 0.954   841   859  1604 922   6   0   0  24  42  -1  19.7  79
  223.0 0.5522E+06 0.959   841   861  1611 925   6   0   0  23  40  -1  19.7  79
  224.0 0.5548E+06 0.963   842   862  1617 928   6   0   0  22  38  -1  19.7  79
  225.0 0.5573E+06 0.967   842   864  1623 931   6   0   0  21  36  -1  19.7  79
  226.0 0.5596E+06 0.971   843   866  1629 934   6   0   0  20  35  -1  19.7  79
  227.0 0.5618E+06 0.975   843   868  1635 937   6   0   0  19  33  -1  19.7  79
  228.0 0.5639E+06 0.979   844   869  1641 939   6   0   0  18  31  -1  19.7  79
  229.0 0.5658E+06 0.982   844   871  1648 942   6   0   0  17  30  -1  19.7  79
  230.0 0.5676E+06 0.985   845   873  1653 944   6   0   0  16  29  -1  19.7  79
  231.0 0.5692E+06 0.988   845   874  1659 946   6   0   0  16  27  -1  19.7  79
  232.0 0.5707E+06 0.991   846   876  1665 948   6   0   0  15  26  -1  19.7  79
  233.0 0.5720E+06 0.993   846   878  1671 950   6   0   0  14  25  -1  19.7  79
  234.0 0.5732E+06 0.995   846   879  1677 952   6   0   0  14  24  -1  19.7  79
  235.0 0.5741E+06 0.997   847   881  1683 954   6   0   0  13  23  -1  19.7  79
  236.0 0.5749E+06 0.998   847   883  1689 956   6   0   0  13  22  -1  19.7  79
  237.0 0.5755E+06 0.999   848   884  1695 957   6   0   0  12  21  -1  19.7  79
  238.0 0.5759E+06 1.000   848   886  1701 959   6   0   0  12  20  -1  19.7  79
  239.0 0.5761E+06 1.000   848   888  1707 960   6   0   0  11  19  -1  19.7  79
  240.0 0.5760E+06 1.000   849   889  1713 962   6   0   0  11  18  -1  19.7  79
  241.0 0.5760E+06 1.000   849   891  1718 963   6   0   0  10  17  -1  19.7  79
  242.0 0.5759E+06 1.000   849   893  1724 964   6   0   0  10  17  -1  19.7  79
  243.0 0.5758E+06 1.000   849   894  1730 965   6   0   0   9  16  -1  19.7  79
  244.0 0.5756E+06 0.999   850   896  1736 967   6   0   0   9  15  -1  19.7  79
  245.0 0.5755E+06 0.999   850   898  1742 968   6   0   0   9  15  -1  19.7  79
  246.0 0.5753E+06 0.999   850   899  1748 969   6   0   0   8  14  -1  19.7  79
  247.0 0.5750E+06 0.998   851   901  1754 970   6   0   0   8  14  -1  19.7  79
  248.0 0.5747E+06 0.998   851   903  1759 971   6   0   0   8  13  -1  19.7  79
  249.0 0.5744E+06 0.997   851   904  1765 972   6   0   0   7  12  -1  19.7  79
  250.0 0.5741E+06 0.997   851   906  1771 972   6   0   0   7  12  -1  19.7  79
  251.0 0.5737E+06 0.996   851   908  1777 973   6   0   0   7  12  -1  19.7  79
  252.0 0.5733E+06 0.995   852   909  1783 973   6   0   0   7  11  -1  19.7  79
  253.0 0.5729E+06 0.995   852   911  1789 974   7   0   0   6  11  -1  19.7  79
  254.0 0.5725E+06 0.994   852   913  1795 974   7   0   0   6  11  -1  19.7  79
  255.0 0.5720E+06 0.993   852   914  1800 974   7   0   0   6  10  -1  19.7  79
  256.0 0.5715E+06 0.992   853   916  1806 975   7   0   0   6  10  -1  19.7  79
  257.0 0.5709E+06 0.991   853   918  1812 975   7   0   0   6  10  -1  19.7  79
  258.0 0.5703E+06 0.990   853   919  1818 976   7   0   0   5  10  -1  19.7  79
  259.0 0.5697E+06 0.989   853   921  1824 976   7   0   0   5   9  -1  19.7  79
  260.0 0.5691E+06 0.988   853   923  1830 976   7   0   0   5   9  -1  19.7  79
  261.0 0.5684E+06 0.987   853   924  1836 977   7   0   0   5   9  -1  19.7  79
  262.0 0.5677E+06 0.986   854   926  1841 977   7   0   0   5   9  -1  19.7  79
  263.0 0.5670E+06 0.984   854   928  1847 977   8   0   0   5   8  -1  19.7  79
  264.0 0.5663E+06 0.983   854   929  1853 977   8   0   0   4   8  -1  19.7  79
  265.0 0.5655E+06 0.982   854   931  1859 978   8   0   0   4   8  -1  19.7  79
  266.0 0.5647E+06 0.980   854   933  1865 978   8   0   0   4   8  -1  19.7  79
  267.0 0.5638E+06 0.979   854   934  1871 978   8   0   0   4   7  -1  19.7  79
  268.0 0.5630E+06 0.977   854   936  1877 978   8   0   0   4   7  -1  19.7  79
  269.0 0.5621E+06 0.976   855   938  1882 979   8   0   0   4   7  -1  19.7  79
  270.0 0.5612E+06 0.974   855   939  1888 979   8   0   0   4   7  -1  19.7  79
  271.0 0.5602E+06 0.973   855   941  1894 979   8   0   0   4   7  -1  19.7  79
  272.0 0.5593E+06 0.971   855   943  1900 979   9   0   0   3   6  -1  19.7  79
  273.0 0.5583E+06 0.969   855   945  1906 980   9   0   0   3   6  -1  19.7  79
  274.0 0.5572E+06 0.967   855   946  1912 980   9   0   0   3   6  -1  19.7  79
  275.0 0.5562E+06 0.965   855   948  1917 980   9   0   0   3   6  -1  19.7  79
  276.0 0.5551E+06 0.964   855   950  1923 980   9   0   0   3   6  -1  19.7  79
  277.0 0.5540E+06 0.962   855   951  1929 980   9   0   0   3   6  -1  19.7  79
  278.0 0.5529E+06 0.960   856   953  1935 980   9   0   0   3   5  -1  19.7  79
  279.0 0.5517E+06 0.958   856   955  1941 981   9   0   0   3   5  -1  19.7  79
  280.0 0.5506E+06 0.956   856   956  1947 981   9   0   0   3   5  -1  19.7  79
  281.0 0.5494E+06 0.954   856   958  1953 981  10   0   0   3   5  -1  19.7  79
  282.0 0.5481E+06 0.952   856   960  1958 981  10   0   0   2   5  -1  19.7  79
  283.0 0.5469E+06 0.949   856   961  1964 981  10   0   0   2   5  -1  19.7  79
  284.0 0.5456E+06 0.947   856   963  1970 981  10   0   0   2   5  -1  19.7  79
  285.0 0.5443E+06 0.945   856   965  1976 982  10   0   0   2   4  -1  19.7  79
  286.0 0.5430E+06 0.943   856   966  1982 982  10   0   0   2   4  -1  19.7  79
  287.0 0.5417E+06 0.940   856   968  1988 982  10   0   0   2   4  -1  19.7  79
  288.0 0.5403E+06 0.938   856   970  1994 982  10   0   0   2   4  -1  19.7  79
  289.0 0.5389E+06 0.936   856   971  1999 982  10   0   0   2   4  -1  19.7  79
  290.0 0.5375E+06 0.933   856   973  2005 982  10   0   0   2   4  -1  19.7  79
  291.0 0.5361E+06 0.931   857   975  2011 982  10   0   0   2   4  -1  19.7  79
  292.0 0.5347E+06 0.928   857   976  2017 982  11   0   0   2   4  -1  19.7  79
  293.0 0.5332E+06 0.926   857   978  2023 982  11   0   0   2   4  -1  19.7  79
  294.0 0.5317E+06 0.923   857   980  2029 982  11   0   0   2   3  -1  19.7  79
  295.0 0.5302E+06 0.920   857   981  2035 983  11   0   0   2   3  -1  19.7  79
  296.0 0.5287E+06 0.918   857   983  2040 983  11   0   0   2   3  -1  19.7  79
  297.0 0.5272E+06 0.915   857   985  2046 983  11   0   0   2   3  -1  19.7  79
  298.0 0.5256E+06 0.912   857   986  2052 983  11   0   0   1   3  -1  19.7  79
  299.0 0.5240E+06 0.910   857   988  2058 983  11   0   0   1   3  -1  19.7  79
  300.0 0.5224E+06 0.907   857   990  2064 980  19   0   0   0   0  -1  19.7  79
  301.0 0.5208E+06 0.904   857   991  2070 980  19   0   0   0   0  -1  19.7  79
  302.0 0.5192E+06 0.901   857   993  2076 980  19   1   0   0   0  -1  19.7  79
  303.0 0.5176E+06 0.898   857   995  2081 980  19   1   0   0   0  -1  19.7  79
  304.0 0.5159E+06 0.896   857   996  2087 980  19   1   0   0   0  -1  19.7  79
  305.0 0.5142E+06 0.893   857   998  2093 980  19   1   0   0   0  -1  19.7  79
  306.0 0.5125E+06 0.890   857  1000  2099 980  19   1   0   0   0  -1  19.7  79
  307.0 0.5108E+06 0.887   857  1001  2105 980  19   1   0   0   0  -1  19.7  79
  308.0 0.5091E+06 0.884   857  1003  2111 980  19   1   0   0   0  -1  19.7  79
  309.0 0.5073E+06 0.881   857  1005  2116 980  19   1   0   0   0  -1  19.7  79
  310.0 0.5056E+06 0.878   857  1006  2122 980  19   1   0   0   0  -1  19.7  79
  311.0 0.5038E+06 0.875   857  1008  2128 980  20   1   0   0   0  -1  19.7  79
  312.0 0.5020E+06 0.871   857  1010  2134 979  20   1   0   0   0  -1  19.7  79
  313.0 0.5002E+06 0.868   857  1011  2140 979  20   1   0   0   0  -1  19.7  79
  314.0 0.4984E+06 0.865   858  1013  2146 979  20   1   0   0   0  -1  19.7  79
  315.0 0.4966E+06 0.862   858  1015  2152 979  20   1   0   0   0  -1  19.7  79
  316.0 0.4948E+06 0.859   858  1016  2157 979  20   1   0   0   0  -1  19.7  79
  317.0 0.4929E+06 0.856   858  1018  2163 979  20   1   0   0   0  -1  19.7  79
  318.0 0.4911E+06 0.852   858  1020  2169 979  20   1   0   0   0  -1  19.7  79
  319.0 0.4892E+06 0.849   858  1022  2175 979  20   1   0   0   0  -1  19.7  79
  320.0 0.4873E+06 0.846   858  1023  2181 979  20   1   0   0   0  -1  19.7  79
  321.0 0.4854E+06 0.843   858  1025  2187 979  20   1   0   0   0  -1  19.7  79
  322.0 0.4835E+06 0.839   858  1027  2192 979  20   1   0   0   0  -1  19.7  79
  323.0 0.4816E+06 0.836   858  1028  2198 979  20   1   0   0   0  -1  19.7  79
  324.0 0.4797E+06 0.833   858  1030  2204 979  20   1   0   0   0  -1  19.7  79
  325.0 0.4778E+06 0.829   858  1032  2210 979  20   1   0   0   0  -1  19.7  79
  326.0 0.4758E+06 0.826   858  1033  2216 979  20   1   0   0   0  -1  19.7  79
  327.0 0.4739E+06 0.823   858  1035  2222 979  20   1   0   0   0  -1  19.7  79
  328.0 0.4719E+06 0.819   858  1037  2227 978  20   1   0   0   0  -1  19.7  79
  329.0 0.4699E+06 0.816   858  1038  2233 978  20   1   0   0   0  -1  19.7  79
  330.0 0.4680E+06 0.812   858  1040  2239 978  21   1   0   0   0  -1  19.7  79
  331.0 0.4660E+06 0.809   858  1042  2245 978  21   1   0   0   0  -1  19.7  79
  332.0 0.4640E+06 0.805   858  1043  2251 978  21   1   0   0   0  -1  19.7  79
  333.0 0.4620E+06 0.802   858  1045  2256 978  21   1   0   0   0  -1  19.7  79
  334.0 0.4600E+06 0.799   858  1047  2262 978  21   1   0   0   0  -1  19.7  79
  335.0 0.4580E+06 0.795   858  1048  2268 978  21   1   0   0   0  -1  19.7  79
  336.0 0.4560E+06 0.792   858  1050  2273 978  21   1   0   0   0  -1  19.7  79
  337.0 0.4540E+06 0.788   858  1051  2279 978  21   1   0   0   0  -1  19.7  79
  338.0 0.4519E+06 0.785   858  1053  2285 978  21   1   1   0   0  -1  19.7  79
  339.0 0.4499E+06 0.781   858  1055  2290 978  21   1   1   0   0  -1  19.7  79
  340.0 0.4479E+06 0.777   858  1056  2296 978  21   1   1   0   0  -1  19.7  79
  341.0 0.4458E+06 0.774   858  1058  2301 978  21   1   1   0   0  -1  19.7  79
  342.0 0.4438E+06 0.770   858  1060  2306 978  21   1   1   0   0  -1  19.7  79
  343.0 0.4418E+06 0.767   858  1061  2311 977  21   1   1   0   0  -1  19.7  79
  344.0 0.4397E+06 0.763   858  1063  2317 977  21   1   1   0   0  -1  19.7  79
  345.0 0.4377E+06 0.760   858  1064  2321 977  21   1   1   0   0  -1  19.7  79
  346.0 0.4356E+06 0.756   858  1066  2326 977  21   1   1   0   0  -1  19.7  79
  347.0 0.4336E+06 0.753   858  1067  2331 977  21   1   1   0   0  -1  19.7  79
  348.0 0.4315E+06 0.749   858  1069  2335 977  21   1   1   0   0  -1  19.7  79
  349.0 0.4294E+06 0.745   858  1070  2340 977  22   1   1   0   0  -1  19.7  79
  350.0 0.4274E+06 0.742   858  1072  2344 977  22   1   1   0   0  -1  19.7  79
  351.0 0.4253E+06 0.738   858  1073  2348 977  22   1   1   0   0  -1  19.7  79
  352.0 0.4232E+06 0.735   858  1074  2352 977  22   1   1   0   0  -1  19.7  79
  353.0 0.4212E+06 0.731   858  1076  2355 977  22   1   1   0   0  -1  19.7  79
  354.0 0.4191E+06 0.728   858  1077  2359 977  22   1   1   0   0  -1  19.7  79
  355.0 0.4170E+06 0.724   858  1078  2362 977  22   1   1   0   0  -1  19.7  79
  356.0 0.4150E+06 0.720   858  1080  2365 977  22   1   1   0   0  -1  19.7  79
  357.0 0.4129E+06 0.717   858  1081  2368 976  22   1   1   0   0  -1  19.7  79
  358.0 0.4108E+06 0.713   858  1082  2371 976  22   1   1   0   0  -1  19.7  79
  359.0 0.4088E+06 0.710   858  1083  2374 976  22   1   1   0   0  -1  19.7  79
  360.0 0.4067E+06 0.706   858  1085  2376 976  22   1   1   0   0  -1  19.7  79
  361.0 0.4046E+06 0.702   858  1086  2379 976  22   1   1   0   0  -1  19.7  79
  362.0 0.4026E+06 0.699   858  1087  2382 976  22   1   1   0   0  -1  19.7  79
  363.0 0.4005E+06 0.695   858  1088  2384 976  22   1   1   0   0  -1  19.7  79
  364.0 0.3984E+06 0.692   858  1089  2387 976  22   1   1   0   0  -1  19.7  79
  365.0 0.3964E+06 0.688   858  1090  2389 976  22   1   1   0   0  -1  19.7  79
  366.0 0.3943E+06 0.685   858  1092  2391 976  23   1   1   0   0  -1  19.7  79
  367.0 0.3923E+06 0.681   858  1093  2394 976  23   1   1   0   0  -1  19.7  79
  368.0 0.3902E+06 0.677   858  1094  2396 976  23   1   1   0   0  -1  19.7  79
  369.0 0.3882E+06 0.674   858  1095  2398 976  23   1   1   0   0  -1  19.7  79
  370.0 0.3861E+06 0.670   858  1096  2401 975  23   1   1   0   0  -1  19.7  79
  371.0 0.3841E+06 0.667   858  1097  2403 975  23   1   1   0   0  -1  19.7  79
  372.0 0.3820E+06 0.663   858  1099  2405 975  23   1   1   0   0  -1  19.7  79
  373.0 0.3800E+06 0.660   858  1100  2408 975  23   1   1   0   0  -1  19.7  79
  374.0 0.3780E+06 0.656   858  1101  2410 975  23   1   1   0   0  -1  19.7  79
  375.0 0.3759E+06 0.653   858  1102  2412 975  23   1   1   0   0  -1  19.7  79
  376.0 0.3739E+06 0.649   858  1103  2414 975  23   1   1   0   0  -1  19.7  79
  377.0 0.3719E+06 0.646   858  1104  2417 975  23   1   1   0   0  -1  19.7  79
  378.0 0.3699E+06 0.642   858  1106  2419 975  23   1   1   0   0  -1  19.7  79
  379.0 0.3679E+06 0.639   858  1107  2421 975  23   1   1   0   0  -1  19.7  79
  380.0 0.3659E+06 0.635   858  1108  2423 975  23   1   1   0   0  -1  19.7  79
  381.0 0.3639E+06 0.632   858  1109  2426 975  23   1   1   0   0  -1  19.7  79
  382.0 0.3619E+06 0.628   858  1110  2428 974  23   1   1   0   0  -1  19.7  79
  383.0 0.3599E+06 0.625   858  1111  2430 974  24   1   1   0   0  -1  19.7  79
  384.0 0.3579E+06 0.621   858  1112  2432 974  24   1   1   0   0  -1  19.7  79
  385.0 0.3559E+06 0.618   858  1114  2434 974  24   1   1   0   0  -1  19.7  79
  386.0 0.3539E+06 0.614   858  1115  2437 974  24   1   1   0   0  -1  19.7  79
  387.0 0.3520E+06 0.611   858  1116  2439 974  24   1   1   0   0  -1  19.7  79
  388.0 0.3500E+06 0.608   858  1117  2441 974  24   1   1   0   0  -1  19.7  79
  389.0 0.3480E+06 0.604   858  1118  2443 974  24   1   1   0   0  -1  19.7  79
  390.0 0.3461E+06 0.601   858  1119  2446 974  24   1   1   0   0  -1  19.7  79
  391.0 0.3441E+06 0.597   858  1120  2448 974  24   1   1   0   0  -1  19.7  79
  392.0 0.3422E+06 0.594   858  1122  2450 974  24   1   1   0   0  -1  19.7  79
  393.0 0.3403E+06 0.591   858  1123  2452 974  24   1   1   0   0  -1  19.7  79
  394.0 0.3383E+06 0.587   858  1124  2455 973  24   1   1   0   0  -1  19.7  79
  395.0 0.3364E+06 0.584   858  1125  2457 973  24   1   1   0   0  -1  19.7  79
  396.0 0.3345E+06 0.581   858  1126  2459 973  24   1   1   0   0  -1  19.7  79
  397.0 0.3326E+06 0.577   858  1127  2461 973  24   2   1   0   0  -1  19.7  79
  398.0 0.3307E+06 0.574   858  1128  2463 973  24   2   1   0   0  -1  19.7  79
  399.0 0.3288E+06 0.571   858  1130  2466 973  25   2   1   0   0  -1  19.7  79
  400.0 0.3269E+06 0.568   858  1131  2468 973  25   2   1   0   0  -1  19.7  79
  401.0 0.3251E+06 0.564   858  1132  2470 973  25   2   1   0   0  -1  19.7  79
  402.0 0.3232E+06 0.561   858  1133  2472 973  25   2   1   0   0  -1  19.7  79
  403.0 0.3213E+06 0.558   858  1134  2475 973  25   2   1   0   0  -1  19.7  79
  404.0 0.3195E+06 0.555   858  1135  2477 973  25   2   1   0   0  -1  19.7  79
  405.0 0.3176E+06 0.551   858  1136  2479 972  25   2   1   0   0  -1  19.7  79
  406.0 0.3158E+06 0.548   858  1138  2481 972  25   2   1   0   0  -1  19.7  79
  407.0 0.3140E+06 0.545   858  1139  2484 972  25   2   1   0   0  -1  19.7  79
  408.0 0.3121E+06 0.542   858  1140  2486 972  25   2   1   0   0  -1  19.7  79
  409.0 0.3103E+06 0.539   858  1141  2488 972  25   2   1   0   0  -1  19.7  79
  410.0 0.3085E+06 0.536   858  1142  2490 972  25   2   1   0   0  -1  19.7  79
  411.0 0.3067E+06 0.532   858  1143  2492 972  25   2   1   0   0  -1  19.7  79
  412.0 0.3049E+06 0.529   858  1145  2495 972  25   2   1   0   0  -1  19.7  79
  413.0 0.3032E+06 0.526   858  1146  2497 972  25   2   1   0   0  -1  19.7  79
  414.0 0.3014E+06 0.523   858  1147  2499 972  26   2   1   0   0  -1  19.7  79
  415.0 0.2996E+06 0.520   858  1148  2501 972  26   2   1   0   0  -1  19.7  79
  416.0 0.2979E+06 0.517   858  1149  2504 971  26   2   1   0   0  -1  19.7  79
  417.0 0.2961E+06 0.514   858  1150  2506 971  26   2   1   0   0  -1  19.7  79
  418.0 0.2944E+06 0.511   858  1152  2508 971  26   2   1   0   0  -1  19.7  79
  419.0 0.2927E+06 0.508   858  1153  2510 971  26   2   1   0   0  -1  19.7  79
  420.0 0.2909E+06 0.505   858  1154  2512 971  26   2   1   0   0  -1  19.7  79
  421.0 0.2892E+06 0.502   858  1155  2515 971  26   2   1   0   0  -1  19.7  79
  422.0 0.2875E+06 0.499   858  1156  2517 971  26   2   1   0   0  -1  19.7  79
  423.0 0.2858E+06 0.496   858  1158  2519 971  26   2   1   0   0  -1  19.7  79
  424.0 0.2841E+06 0.493   858  1159  2521 971  26   2   1   0   0  -1  19.7  79
  425.0 0.2825E+06 0.490   858  1160  2524 971  26   2   1   0   0  -1  19.7  79
  426.0 0.2808E+06 0.487   858  1161  2526 970  26   2   1   0   0  -1  19.7  79
  427.0 0.2791E+06 0.485   858  1162  2528 970  26   2   1   0   0  -1  19.7  79
  428.0 0.2775E+06 0.482   858  1164  2530 970  26   2   1   0   0  -1  19.7  79
  429.0 0.2759E+06 0.479   858  1165  2533 970  27   2   1   0   0  -1  19.7  79
  430.0 0.2742E+06 0.476   858  1166  2535 970  27   2   1   0   0  -1  19.7  79
  431.0 0.2726E+06 0.473   858  1168  2537 970  27   2   1   0   0  -1  19.7  79
  432.0 0.2710E+06 0.470   858  1169  2539 970  27   2   1   0   0  -1  19.7  79
  433.0 0.2694E+06 0.468   858  1170  2541 970  27   2   1   0   0  -1  19.7  79
  434.0 0.2678E+06 0.465   858  1172  2544 970  27   2   1   0   0  -1  19.7  79
  435.0 0.2662E+06 0.462   858  1173  2546 970  27   2   1   0   0  -1  19.7  79
  436.0 0.2646E+06 0.459   858  1175  2548 969  27   2   1   0   0  -1  19.7  79
  437.0 0.2631E+06 0.457   858  1176  2550 969  27   2   1   0   0  -1  19.7  79
  438.0 0.2615E+06 0.454   858  1177  2553 969  27   2   1   0   0  -1  19.7  79
  439.0 0.2600E+06 0.451   858  1179  2555 969  27   2   1   0   0  -1  19.7  79
  440.0 0.2584E+06 0.449   858  1180  2557 969  27   2   1   0   0  -1  19.7  79
  441.0 0.2569E+06 0.446   858  1182  2559 969  27   3   1   0   0  -1  19.7  79
  442.0 0.2554E+06 0.443   858  1183  2562 969  27   3   1   0   0  -1  19.7  79
  443.0 0.2539E+06 0.441   858  1185  2564 969  27   3   1   0   0  -1  19.7  79
  444.0 0.2524E+06 0.438   858  1186  2566 969  28   3   1   0   0  -1  19.7  79
  445.0 0.2509E+06 0.435   858  1188  2568 968  28   3   1   0   0  -1  19.7  79
  446.0 0.2494E+06 0.433   858  1189  2570 968  28   3   1   0   0  -1  19.7  79
  447.0 0.2479E+06 0.430   858  1191  2573 968  28   3   1   0   0  -1  19.7  79
  448.0 0.2464E+06 0.428   858  1192  2575 968  28   3   1   0   0  -1  19.7  79
  449.0 0.2450E+06 0.425   858  1194  2577 968  28   3   1   0   0  -1  19.7  79
  450.0 0.2435E+06 0.423   858  1195  2579 968  28   3   1   0   0  -1  19.7  79
  451.0 0.2421E+06 0.420   858  1197  2582 968  28   3   1   0   0  -1  19.7  79
  452.0 0.2407E+06 0.418   858  1198  2584 968  28   3   1   0   0  -1  19.7  79
  453.0 0.2393E+06 0.415   858  1200  2586 967  28   3   1   0   0  -1  19.7  79
  454.0 0.2378E+06 0.413   858  1201  2588 967  28   3   1   0   0  -1  19.7  79
  455.0 0.2364E+06 0.410   858  1203  2591 967  28   3   1   0   0  -1  19.7  79
  456.0 0.2351E+06 0.408   858  1204  2593 967  28   3   1   0   0  -1  19.7  79
  457.0 0.2337E+06 0.406   858  1206  2595 967  29   3   1   0   0  -1  19.7  79
  458.0 0.2323E+06 0.403   858  1207  2597 967  29   3   1   0   0  -1  19.7  79
  459.0 0.2309E+06 0.401   858  1209  2599 967  29   3   2   0   0  -1  19.7  79
  460.0 0.2296E+06 0.399   858  1210  2602 967  29   3   2   0   0  -1  19.7  79
  461.0 0.2282E+06 0.396   858  1212  2604 967  29   3   2   0   0  -1  19.7  79
  462.0 0.2269E+06 0.394   858  1213  2606 966  29   3   2   0   0  -1  19.7  79
  463.0 0.2256E+06 0.392   858  1215  2608 966  29   3   2   0   0  -1  19.7  79
  464.0 0.2243E+06 0.389   858  1216  2611 966  29   3   2   0   0  -1  19.7  79
  465.0 0.2229E+06 0.387   858  1218  2613 966  29   3   2   0   0  -1  19.7  79
  466.0 0.2216E+06 0.385   858  1219  2615 966  29   3   2   0   0  -1  19.7  79
  467.0 0.2203E+06 0.383   858  1221  2617 966  29   3   2   0   0  -1  19.7  79
  468.0 0.2191E+06 0.380   858  1222  2619 966  29   3   2   0   0  -1  19.7  79
  469.0 0.2178E+06 0.378   858  1224  2622 965  29   3   2   0   0  -1  19.7  79
  470.0 0.2165E+06 0.376   858  1225  2624 965  29   4   2   0   0  -1  19.7  79
  471.0 0.2153E+06 0.374   858  1227  2626 965  30   4   2   0   0  -1  19.7  79
  472.0 0.2140E+06 0.372   858  1228  2628 965  30   4   2   0   0  -1  19.7  79
  473.0 0.2128E+06 0.369   858  1230  2631 965  30   4   2   0   0  -1  19.7  79
  474.0 0.2116E+06 0.367   858  1231  2633 965  30   4   2   0   0  -1  19.7  79
  475.0 0.2103E+06 0.365   858  1233  2635 965  30   4   2   0   0  -1  19.7  79
  476.0 0.2091E+06 0.363   858  1234  2637 965  30   4   2   0   0  -1  19.7  79
  477.0 0.2079E+06 0.361   858  1236  2640 964  30   4   2   0   0  -1  19.7  79
  478.0 0.2067E+06 0.359   858  1237  2642 964  30   4   2   0   0  -1  19.7  79
  479.0 0.2055E+06 0.357   858  1239  2644 964  30   4   2   0   0  -1  19.7  79
  480.0 0.2043E+06 0.355   858  1240  2646 964  30   4   2   0   0  -1  19.7  79
  481.0 0.2032E+06 0.353   858  1242  2648 964  30   4   2   0   0  -1  19.7  79
  482.0 0.2020E+06 0.351   858  1243  2651 964  30   4   2   0   0  -1  19.7  79
  483.0 0.2009E+06 0.349   858  1245  2653 964  30   4   2   0   0  -1  19.7  79
  484.0 0.1997E+06 0.347   858  1246  2655 963  31   4   2   0   0  -1  19.7  79
  485.0 0.1986E+06 0.345   858  1248  2657 963  31   4   2   0   0  -1  19.7  79
  486.0 0.1974E+06 0.343   858  1249  2660 963  31   4   2   0   0  -1  19.7  79
  487.0 0.1963E+06 0.341   858  1251  2662 963  31   4   2   0   0  -1  19.7  79
  488.0 0.1952E+06 0.339   858  1252  2664 963  31   4   2   0   0  -1  19.7  79
  489.0 0.1941E+06 0.337   858  1254  2666 963  31   4   2   0   0  -1  19.7  79
  490.0 0.1930E+06 0.335   858  1255  2669 963  31   4   2   0   0  -1  19.7  79
  491.0 0.1919E+06 0.333   858  1256  2671 962  31   4   2   0   0  -1  19.7  79
  492.0 0.1908E+06 0.331   858  1258  2673 962  31   4   2   0   0  -1  19.7  79
  493.0 0.1898E+06 0.329   858  1259  2675 962  31   5   2   0   0  -1  19.7  79
  494.0 0.1887E+06 0.328   858  1261  2677 962  31   5   2   0   0  -1  19.7  79
  495.0 0.1877E+06 0.326   858  1262  2680 962  31   5   2   0   0  -1  19.7  79
  496.0 0.1866E+06 0.324   858  1264  2682 962  31   5   2   0   0  -1  19.7  79
  497.0 0.1856E+06 0.322   858  1265  2684 962  32   5   2   0   0  -1  19.7  79
  498.0 0.1845E+06 0.320   858  1267  2686 961  32   5   2   0   0  -1  19.7  79
  499.0 0.1835E+06 0.319   858  1268  2689 961  32   5   2   0   0  -1  19.7  79
  500.0 0.1825E+06 0.317   858  1270  2691 961  32   5   2   0   0  -1  19.7  79
  501.0 0.1815E+06 0.315   858  1271  2693 961  32   5   2   0   0  -1  19.7  79
  502.0 0.1805E+06 0.313   858  1273  2695 961  32   5   2   0   0  -1  19.7  79
  503.0 0.1795E+06 0.312   858  1274  2697 961  32   5   2   0   0  -1  19.7  79
  504.0 0.1785E+06 0.310   858  1276  2700 961  32   5   2   0   0  -1  19.7  79
  505.0 0.1775E+06 0.308   858  1277  2702 960  32   5   2   0   0  -1  19.7  79
  506.0 0.1765E+06 0.306   858  1279  2704 960  32   5   2   0   0  -1  19.7  79
  507.0 0.1756E+06 0.305   858  1280  2706 960  32   5   2   0   0  -1  19.7  79
  508.0 0.1746E+06 0.303   858  1282  2709 960  32   5   2   0   0  -1  19.7  79
  509.0 0.1737E+06 0.301   858  1283  2711 960  32   5   2   0   0  -1  19.7  79
  510.0 0.1727E+06 0.300   858  1285  2713 960  33   5   2   0   0  -1  19.7  79
  511.0 0.1718E+06 0.298   858  1286  2715 959  33   6   2   0   0  -1  19.7  79
  512.0 0.1709E+06 0.297   858  1288  2717 959  33   6   2   0   0  -1  19.7  79
  513.0 0.1699E+06 0.295   858  1289  2720 959  33   6   2   0   0  -1  19.7  79
  514.0 0.1690E+06 0.293   858  1291  2722 959  33   6   2   0   0  -1  19.7  79
  515.0 0.1681E+06 0.292   858  1292  2724 959  33   6   2   0   0  -1  19.7  79
  516.0 0.1672E+06 0.290   858  1294  2726 959  33   6   2   0   0  -1  19.7  79
  517.0 0.1663E+06 0.289   858  1295  2729 959  33   6   2   0   0  -1  19.7  79
  518.0 0.1654E+06 0.287   858  1297  2731 958  33   6   3   0   0  -1  19.7  79
  519.0 0.1646E+06 0.286   858  1298  2733 958  33   6   3   0   0  -1  19.7  79
  520.0 0.1637E+06 0.284   858  1300  2735 958  33   6   3   0   0  -1  19.7  79
  521.0 0.1628E+06 0.283   858  1301  2737 958  33   6   3   0   0  -1  19.7  79
  522.0 0.1620E+06 0.281   858  1303  2740 958  34   6   3   0   0  -1  19.7  79
  523.0 0.1611E+06 0.280   858  1304  2742 958  34   6   3   0   0  -1  19.7  79
  524.0 0.1603E+06 0.278   858  1306  2744 957  34   6   3   0   0  -1  19.7  79
  525.0 0.1594E+06 0.277   858  1307  2746 957  34   6   3   0   0  -1  19.7  79
  526.0 0.1586E+06 0.275   858  1309  2748 957  34   6   3   0   0  -1  19.7  79
  527.0 0.1578E+06 0.274   858  1310  2751 957  34   7   3   0   0  -1  19.7  79
  528.0 0.1569E+06 0.272   858  1312  2753 957  34   7   3   0   0  -1  19.7  79
  529.0 0.1561E+06 0.271   858  1313  2755 957  34   7   3   0   0  -1  19.7  79
  530.0 0.1553E+06 0.270   858  1315  2757 956  34   7   3   0   0  -1  19.7  79
  531.0 0.1545E+06 0.268   858  1316  2759 956  34   7   3   0   0  -1  19.7  79
  532.0 0.1537E+06 0.267   858  1318  2762 956  34   7   3   0   0  -1  19.7  79
  533.0 0.1529E+06 0.265   858  1319  2764 956  34   7   3   0   0  -1  19.7  79
  534.0 0.1521E+06 0.264   858  1321  2766 956  34   7   3   0   0  -1  19.7  79
  535.0 0.1514E+06 0.263   858  1322  2768 956  35   7   3   0   0  -1  19.7  79
  536.0 0.1506E+06 0.261   858  1324  2770 955  35   7   3   0   0  -1  19.7  79
  537.0 0.1498E+06 0.260   858  1325  2772 955  35   7   3   0   0  -1  19.7  79
  538.0 0.1491E+06 0.259   858  1327  2774 955  35   7   3   0   0  -1  19.7  79
  539.0 0.1483E+06 0.257   858  1328  2777 955  35   7   3   0   0  -1  19.7  79
  540.0 0.1476E+06 0.256   858  1330  2779 955  35   7   3   0   0  -1  19.7  79
  541.0 0.1468E+06 0.255   858  1331  2781 955  35   7   3   0   0  -1  19.7  79
  542.0 0.1461E+06 0.254   858  1333  2783 954  35   7   3   0   0  -1  19.7  79
  543.0 0.1454E+06 0.252   858  1334  2785 954  35   8   3   0   0  -1  19.7  79
  544.0 0.1447E+06 0.251   858  1336  2787 954  35   8   3   0   0  -1  19.7  79
  545.0 0.1439E+06 0.250   858  1337  2789 954  35   8   3   0   0  -1  19.7  79
  546.0 0.1432E+06 0.249   858  1339  2791 954  35   8   3   0   0  -1  19.7  79
  547.0 0.1425E+06 0.247   858  1340  2793 954  35   8   3   0   0  -1  19.7  79
  548.0 0.1418E+06 0.246   858  1342  2795 954  36   8   3   0   0  -1  19.7  79
  549.0 0.1411E+06 0.245   858  1343  2797 953  36   8   3   0   0  -1  19.7  79
  550.0 0.1404E+06 0.244   858  1345  2799 953  36   8   3   0   0  -1  19.7  79
  551.0 0.1398E+06 0.243   858  1346  2802 953  36   8   3   0   0  -1  19.7  79
  552.0 0.1391E+06 0.241   858  1348  2804 953  36   8   3   0   0  -1  19.7  79
  553.0 0.1384E+06 0.240   858  1349  2806 953  36   8   3   0   0  -1  19.7  79
  554.0 0.1377E+06 0.239   858  1351  2808 953  36   8   3   0   0  -1  19.7  79
  555.0 0.1371E+06 0.238   858  1352  2809 952  36   8   3   0   0  -1  19.7  79
  556.0 0.1364E+06 0.237   858  1354  2811 952  36   8   3   0   0  -1  19.7  79
  557.0 0.1358E+06 0.236   858  1355  2813 952  36   8   3   0   0  -1  19.7  79
  558.0 0.1351E+06 0.235   858  1357  2815 952  36   8   3   0   0  -1  19.7  79
  559.0 0.1345E+06 0.233   858  1358  2817 952  36   9   3   0   0  -1  19.7  79
  560.0 0.1338E+06 0.232   858  1360  2819 952  36   9   3   0   0  -1  19.7  79
  561.0 0.1332E+06 0.231   858  1361  2821 952  37   9   3   0   0  -1  19.7  79
  562.0 0.1326E+06 0.230   858  1363  2823 951  37   9   3   0   0  -1  19.7  79
  563.0 0.1320E+06 0.229   858  1364  2825 951  37   9   3   0   0  -1  19.7  79
  564.0 0.1313E+06 0.228   858  1366  2827 951  37   9   3   0   0  -1  19.7  79
  565.0 0.1307E+06 0.227   858  1367  2829 951  37   9   3   0   0  -1  19.7  79
  566.0 0.1301E+06 0.226   858  1369  2831 951  37   9   3   0   0  -1  19.7  79
  567.0 0.1295E+06 0.225   858  1370  2833 951  37   9   3   0   0  -1  19.7  79
  568.0 0.1289E+06 0.224   858  1372  2835 950  37   9   3   0   0  -1  19.7  79
  569.0 0.1283E+06 0.223   858  1373  2836 950  37   9   3   0   0  -1  19.7  79
  570.0 0.1277E+06 0.222   858  1375  2838 950  37   9   3   0   0  -1  19.7  79
  571.0 0.1272E+06 0.221   858  1376  2840 950  37   9   3   0   0  -1  19.7  79
  572.0 0.1266E+06 0.220   858  1378  2842 950  37   9   3   0   0  -1  19.7  79
  573.0 0.1260E+06 0.219   858  1379  2844 950  37   9   3   0   0  -1  19.7  79
  574.0 0.1254E+06 0.218   858  1381  2846 950  38   9   4   0   0  -1  19.7  79
  575.0 0.1249E+06 0.217   858  1382  2848 949  38   9   4   0   0  -1  19.7  79
  576.0 0.1243E+06 0.216   858  1384  2849 949  38   9   4   0   0  -1  19.7  79
  577.0 0.1238E+06 0.215   858  1385  2851 949  38  10   4   0   0  -1  19.7  79
  578.0 0.1232E+06 0.214   858  1387  2853 949  38  10   4   0   0  -1  19.7  79
  579.0 0.1227E+06 0.213   858  1388  2855 949  38  10   4   0   0  -1  19.7  79
  580.0 0.1221E+06 0.212   858  1390  2857 949  38  10   4   0   0  -1  19.7  79
  581.0 0.1216E+06 0.211   858  1391  2859 949  38  10   4   0   0  -1  19.7  79
  582.0 0.1210E+06 0.210   858  1393  2861 949  38  10   4   0   0  -1  19.7  79
  583.0 0.1205E+06 0.209   858  1394  2862 948  38  10   4   0   0  -1  19.7  79
  584.0 0.1200E+06 0.208   858  1396  2864 948  38  10   4   0   0  -1  19.7  79
  585.0 0.1195E+06 0.207   858  1397  2866 948  38  10   4   0   0  -1  19.7  79
  586.0 0.1190E+06 0.206   858  1399  2868 948  38  10   4   0   0  -1  19.7  79
  587.0 0.1184E+06 0.206   858  1400  2870 948  38  10   4   0   0  -1  19.7  79
  588.0 0.1179E+06 0.205   858  1402  2872 948  39  10   4   0   0  -1  19.7  79
  589.0 0.1174E+06 0.204   858  1403  2873 948  39  10   4   0   0  -1  19.7  79
  590.0 0.1169E+06 0.203   858  1405  2875 947  39  10   4   0   0  -1  19.7  79
  591.0 0.1164E+06 0.202   858  1406  2877 947  39  10   4   0   0  -1  19.7  79
  592.0 0.1159E+06 0.201   858  1408  2879 947  39  10   4   0   0  -1  19.7  79
  593.0 0.1154E+06 0.200   858  1409  2881 947  39  10   4   0   0  -1  19.7  79
  594.0 0.1150E+06 0.200   858  1411  2883 947  39  10   4   0   0  -1  19.7  79
  595.0 0.1145E+06 0.199   858  1412  2884 947  39  10   4   0   0  -1  19.7  79
  596.0 0.1140E+06 0.198   858  1414  2886 947  39  11   4   0   0  -1  19.7  79
  597.0 0.1135E+06 0.197   858  1415  2888 946  39  11   4   0   0  -1  19.7  79
  598.0 0.1131E+06 0.196   858  1417  2890 946  39  11   4   0   0  -1  19.7  79
  599.0 0.1126E+06 0.195   858  1418  2892 946  39  11   4   0   0  -1  19.7  79
  600.0 0.1121E+06 0.195   858  1420  2894 946  39  11   4   0   0  -1  19.7  79
  601.0 0.1117E+06 0.194   858  1421  2895 946  39  11   4   0   0  -1  19.7  79
  602.0 0.1112E+06 0.193   858  1423  2897 946  40  11   4   0   0  -1  19.7  79
  603.0 0.1108E+06 0.192   858  1424  2899 946  40  11   4   0   0  -1  19.7  79
  604.0 0.1103E+06 0.191   858  1426  2901 946  40  11   4   0   0  -1  19.7  79
  605.0 0.1099E+06 0.191   858  1427  2903 945  40  11   4   0   0  -1  19.7  79
  606.0 0.1094E+06 0.190   858  1429  2904 945  40  11   4   0   0  -1  19.7  79
  607.0 0.1090E+06 0.189   858  1430  2906 945  40  11   4   0   0  -1  19.7  79
  608.0 0.1086E+06 0.188   858  1431  2908 945  40  11   4   0   0  -1  19.7  79
  609.0 0.1081E+06 0.188   858  1433  2910 945  40  11   4   0   0  -1  19.7  79
  610.0 0.1077E+06 0.187   858  1434  2912 945  40  11   4   0   0  -1  19.7  79
  611.0 0.1073E+06 0.186   858  1436  2914 945  40  11   4   0   0  -1  19.7  79
  612.0 0.1069E+06 0.185   858  1437  2915 944  40  11   4   0   0  -1  19.7  79
  613.0 0.1064E+06 0.185   858  1439  2917 944  40  11   4   0   0  -1  19.7  79
  614.0 0.1060E+06 0.184   858  1440  2919 944  40  11   4   0   0  -1  19.7  79
  615.0 0.1056E+06 0.183   858  1442  2921 944  41  11   4   0   0  -1  19.7  79
  616.0 0.1052E+06 0.183   858  1443  2923 944  41  11   4   0   0  -1  19.7  79
  617.0 0.1048E+06 0.182   858  1445  2925 944  41  12   4   0   0  -1  19.7  79
  618.0 0.1044E+06 0.181   858  1446  2926 944  41  12   4   0   0  -1  19.7  79
  619.0 0.1040E+06 0.181   858  1448  2928 944  41  12   4   0   0  -1  19.7  79
  620.0 0.1036E+06 0.180   858  1449  2930 943  41  12   4   0   0  -1  19.7  79
  621.0 0.1032E+06 0.179   858  1451  2932 943  41  12   4   0   0  -1  19.7  79
  622.0 0.1028E+06 0.179   858  1452  2934 943  41  12   4   0   0  -1  19.7  79
  623.0 0.1024E+06 0.178   858  1454  2935 943  41  12   4   0   0  -1  19.7  79
  624.0 0.1021E+06 0.177   858  1455  2937 943  41  12   4   0   0  -1  19.7  79
  625.0 0.1017E+06 0.177   858  1457  2939 943  41  12   4   0   0  -1  19.7  79
  626.0 0.1013E+06 0.176   858  1458  2941 943  41  12   4   0   0  -1  19.7  79
  627.0 0.1009E+06 0.175   858  1460  2943 942  41  12   4   0   0  -1  19.7  79
  628.0 0.1006E+06 0.175   858  1461  2945 942  41  12   4   0   0  -1  19.7  79
  629.0 0.1002E+06 0.174   858  1463  2946 942  42  12   4   0   0  -1  19.7  79
  630.0 0.9983E+05 0.173   858  1464  2948 942  42  12   4   0   0  -1  19.7  79
  631.0 0.9947E+05 0.173   858  1466  2950 942  42  12   4   0   0  -1  19.7  79
  632.0 0.9911E+05 0.172   858  1467  2952 942  42  12   4   0   0  -1  19.7  79
  633.0 0.9875E+05 0.171   858  1469  2954 942  42  12   4   0   0  -1  19.7  79
  634.0 0.9840E+05 0.171   858  1470  2956 941  42  12   4   0   0  -1  19.7  79
  635.0 0.9805E+05 0.170   858  1472  2957 941  42  12   4   0   0  -1  19.7  79
  636.0 0.9770E+05 0.170   858  1473  2959 941  42  13   4   0   0  -1  19.7  79
  637.0 0.9735E+05 0.169   858  1474  2961 941  42  13   4   0   0  -1  19.7  79
  638.0 0.9701E+05 0.168   858  1476  2963 941  42  13   4   0   0  -1  19.7  79
  639.0 0.9667E+05 0.168   858  1477  2965 941  42  13   4   0   0  -1  19.7  79
  640.0 0.9633E+05 0.167   858  1479  2967 941  42  13   4   0   0  -1  19.7  79
  641.0 0.9600E+05 0.167   858  1480  2968 941  42  13   4   0   0  -1  19.7  79
  642.0 0.9567E+05 0.166   858  1482  2970 940  43  13   4   0   0  -1  19.7  79
  643.0 0.9534E+05 0.165   858  1483  2972 940  43  13   4   0   0  -1  19.7  79
  644.0 0.9501E+05 0.165   858  1485  2974 940  43  13   4   0   0  -1  19.7  79
  645.0 0.9469E+05 0.164   858  1486  2976 940  43  13   4   0   0  -1  19.7  79
  646.0 0.9437E+05 0.164   858  1488  2977 940  43  13   4   0   0  -1  19.7  79
  647.0 0.9405E+05 0.163   858  1489  2979 940  43  13   4   0   0  -1  19.7  79
  648.0 0.9373E+05 0.163   858  1491  2981 940  43  13   4   0   0  -1  19.7  79
  649.0 0.9341E+05 0.162   858  1492  2983 939  43  13   4   0   0  -1  19.7  79
  650.0 0.9310E+05 0.162   858  1494  2985 939  43  13   4   0   0  -1  19.7  79
  651.0 0.9279E+05 0.161   858  1495  2987 939  43  13   4   0   0  -1  19.7  79
  652.0 0.9249E+05 0.161   858  1497  2988 939  43  13   4   0   0  -1  19.7  79
  653.0 0.9218E+05 0.160   858  1498  2990 939  43  13   4   0   0  -1  19.7  79
  654.0 0.9188E+05 0.159   858  1500  2992 939  43  13   4   0   0  -1  19.7  79
  655.0 0.9158E+05 0.159   858  1501  2994 939  44  14   4   0   0  -1  19.7  79
  656.0 0.9128E+05 0.158   858  1503  2996 938  44  14   4   0   0  -1  19.7  79
  657.0 0.9099E+05 0.158   858  1504  2998 938  44  14   4   0   0  -1  19.7  79
  658.0 0.9069E+05 0.157   858  1506  2999 938  44  14   4   0   0  -1  19.7  79
  659.0 0.9040E+05 0.157   858  1507  3001 938  44  14   4   0   0  -1  19.7  79
  660.0 0.9011E+05 0.156   858  1508  3003 938  44  14   4   0   0  -1  19.7  79
  661.0 0.8983E+05 0.156   858  1510  3005 938  44  14   4   0   0  -1  19.7  79
  662.0 0.8954E+05 0.155   858  1511  3007 938  44  14   4   0   0  -1  19.7  79
  663.0 0.8926E+05 0.155   858  1513  3008 937  44  14   4   0   0  -1  19.7  79
  664.0 0.8898E+05 0.154   858  1514  3010 937  44  14   4   0   0  -1  19.7  79
  665.0 0.8870E+05 0.154   858  1516  3012 937  44  14   4   0   0  -1  19.7  79
  666.0 0.8843E+05 0.153   858  1517  3014 937  44  14   4   0   0  -1  19.7  79
  667.0 0.8815E+05 0.153   858  1519  3016 937  44  14   5   0   0  -1  19.7  79
  668.0 0.8788E+05 0.153   858  1520  3018 937  45  14   5   0   0  -1  19.7  79
  669.0 0.8761E+05 0.152   858  1522  3019 936  45  14   5   0   0  -1  19.7  79
  670.0 0.8734E+05 0.152   858  1523  3021 936  45  14   5   0   0  -1  19.7  79
  671.0 0.8708E+05 0.151   858  1525  3023 936  45  14   5   0   0  -1  19.7  79
  672.0 0.8682E+05 0.151   858  1526  3025 936  45  15   5   0   0  -1  19.7  79
  673.0 0.8655E+05 0.150   858  1528  3027 936  45  15   5   0   0  -1  19.7  79
  674.0 0.8629E+05 0.150   858  1529  3029 936  45  15   5   0   0  -1  19.7  79
  675.0 0.8604E+05 0.149   858  1531  3030 936  45  15   5   0   0  -1  19.7  79
  676.0 0.8578E+05 0.149   858  1532  3032 935  45  15   5   0   0  -1  19.7  79
  677.0 0.8553E+05 0.148   858  1534  3034 935  45  15   5   0   0  -1  19.7  79
  678.0 0.8528E+05 0.148   858  1535  3036 935  45  15   5   0   0  -1  19.7  79
  679.0 0.8503E+05 0.148   858  1537  3038 935  45  15   5   0   0  -1  19.7  79
  680.0 0.8478E+05 0.147   858  1538  3040 935  45  15   5   0   0  -1  19.7  79
  681.0 0.8453E+05 0.147   858  1540  3041 935  46  15   5   0   0  -1  19.7  79
  682.0 0.8429E+05 0.146   858  1541  3043 935  46  15   5   0   0  -1  19.7  79
  683.0 0.8405E+05 0.146   858  1543  3045 934  46  15   5   0   0  -1  19.7  79
  684.0 0.8381E+05 0.145   858  1544  3047 934  46  15   5   0   0  -1  19.7  79
  685.0 0.8357E+05 0.145   858  1545  3049 934  46  15   5   0   0  -1  19.7  79
  686.0 0.8333E+05 0.145   858  1547  3050 934  46  15   5   0   0  -1  19.7  79
  687.0 0.8310E+05 0.144   858  1548  3052 934  46  15   5   0   0  -1  19.7  79
  688.0 0.8286E+05 0.144   858  1550  3054 934  46  16   5   0   0  -1  19.7  79
  689.0 0.8263E+05 0.143   858  1551  3056 933  46  16   5   0   0  -1  19.7  79
  690.0 0.8240E+05 0.143   858  1553  3058 933  46  16   5   0   0  -1  19.7  79
  691.0 0.8218E+05 0.143   858  1554  3060 933  46  16   5   0   0  -1  19.7  79
  692.0 0.8195E+05 0.142   858  1556  3061 933  46  16   5   0   0  -1  19.7  79
  693.0 0.8173E+05 0.142   858  1557  3063 933  47  16   5   0   0  -1  19.7  79
  694.0 0.8150E+05 0.141   858  1559  3065 933  47  16   5   0   0  -1  19.7  79
  695.0 0.8128E+05 0.141   858  1560  3067 933  47  16   5   0   0  -1  19.7  79
  696.0 0.8106E+05 0.141   858  1562  3069 932  47  16   5   0   0  -1  19.7  79
  697.0 0.8084E+05 0.140   858  1563  3071 932  47  16   5   0   0  -1  19.7  79
  698.0 0.8063E+05 0.140   858  1565  3072 932  47  16   5   0   0  -1  19.7  79
  699.0 0.8041E+05 0.140   858  1566  3074 932  47  16   5   0   0  -1  19.7  79
  700.0 0.8020E+05 0.139   858  1568  3076 932  47  16   5   0   0  -1  19.7  79
  701.0 0.7999E+05 0.139   858  1569  3078 932  47  16   5   0   0  -1  19.7  79
  702.0 0.7978E+05 0.138   858  1571  3080 931  47  16   5   0   0  -1  19.7  79
  703.0 0.7957E+05 0.138   858  1572  3081 931  47  17   5   0   0  -1  19.7  79
  704.0 0.7936E+05 0.138   858  1574  3083 931  47  17   5   0   0  -1  19.7  79
  705.0 0.7916E+05 0.137   858  1575  3085 931  47  17   5   0   0  -1  19.7  79
  706.0 0.7896E+05 0.137   858  1577  3087 931  48  17   5   0   0  -1  19.7  79
  707.0 0.7875E+05 0.137   858  1578  3089 931  48  17   5   0   0  -1  19.7  79
  708.0 0.7855E+05 0.136   858  1580  3091 930  48  17   5   0   0  -1  19.7  79
  709.0 0.7835E+05 0.136   858  1581  3092 930  48  17   5   0   0  -1  19.7  79
  710.0 0.7816E+05 0.136   858  1582  3094 930  48  17   5   0   0  -1  19.7  79
  711.0 0.7796E+05 0.135   858  1584  3096 930  48  17   5   0   0  -1  19.7  79
  712.0 0.7777E+05 0.135   858  1585  3098 930  48  17   5   0   0  -1  19.7  79
  713.0 0.7757E+05 0.135   858  1587  3100 930  48  17   5   0   0  -1  19.7  79
  714.0 0.7738E+05 0.134   858  1588  3102 929  48  17   5   0   0  -1  19.7  79
  715.0 0.7719E+05 0.134   858  1590  3103 929  48  17   5   0   0  -1  19.7  79
  716.0 0.7700E+05 0.134   858  1591  3105 929  48  17   5   0   0  -1  19.7  79
  717.0 0.7681E+05 0.133   858  1593  3107 929  48  18   5   0   0  -1  19.7  79
  718.0 0.7663E+05 0.133   858  1594  3109 929  48  18   5   0   0  -1  19.7  79
  719.0 0.7644E+05 0.133   858  1596  3111 929  48  18   5   0   0  -1  19.7  79
  720.0 0.7626E+05 0.132   858  1597  3112 928  49  18   5   0   0  -1  19.7  79
  721.0 0.7608E+05 0.132   858  1599  3114 928  49  18   5   0   0  -1  19.7  79
  722.0 0.7590E+05 0.132   858  1600  3116 928  49  18   5   0   0  -1  19.7  79
  723.0 0.7572E+05 0.131   858  1602  3118 928  49  18   5   0   0  -1  19.7  79
  724.0 0.7554E+05 0.131   858  1603  3120 928  49  18   5   0   0  -1  19.7  79
  725.0 0.7536E+05 0.131   858  1605  3122 928  49  18   5   0   0  -1  19.7  79
  726.0 0.7519E+05 0.131   858  1606  3123 927  49  18   5   0   0  -1  19.7  79
  727.0 0.7501E+05 0.130   858  1608  3125 927  49  18   5   0   0  -1  19.7  79
  728.0 0.7484E+05 0.130   858  1609  3127 927  49  18   5   0   0  -1  19.7  79
  729.0 0.7467E+05 0.130   858  1611  3129 927  49  19   5   0   0  -1  19.7  79
  730.0 0.7450E+05 0.129   858  1612  3131 927  49  19   5   0   0  -1  19.7  79
  731.0 0.7433E+05 0.129   858  1614  3132 927  49  19   5   0   0  -1  19.7  79
  732.0 0.7416E+05 0.129   858  1615  3134 926  49  19   5   0   0  -1  19.7  79
  733.0 0.7399E+05 0.128   858  1617  3136 926  49  19   5   0   0  -1  19.7  79
  734.0 0.7378E+05 0.128   858  1618  3138 926  50  19   5   0   0  -1  19.7  79
  735.0 0.7347E+05 0.128   858  1619  3140 926  50  19   5   0   0  -1  19.7  79
  736.0 0.7317E+05 0.127   858  1621  3142 926  50  19   5   0   0  -1  19.7  79
  737.0 0.7286E+05 0.126   858  1622  3143 926  50  19   5   0   0  -1  19.7  79
  738.0 0.7256E+05 0.126   858  1624  3145 925  50  19   5   0   0  -1  19.7  79
  739.0 0.7227E+05 0.125   858  1625  3147 925  50  19   6   0   0  -1  19.7  79
  740.0 0.7197E+05 0.125   858  1627  3149 925  50  19   6   0   0  -1  19.7  79
  741.0 0.7168E+05 0.124   858  1628  3151 925  50  20   6   0   0  -1  19.7  79
  742.0 0.7139E+05 0.124   858  1630  3152 925  50  20   6   0   0  -1  19.7  79
  743.0 0.7110E+05 0.123   858  1631  3154 925  50  20   6   0   0  -1  19.7  79
  744.0 0.7081E+05 0.123   858  1633  3156 924  50  20   6   0   0  -1  19.7  79
  745.0 0.7052E+05 0.122   858  1634  3158 924  50  20   6   0   0  -1  19.7  79
  746.0 0.7024E+05 0.122   858  1636  3160 924  50  20   6   0   0  -1  19.7  79
  747.0 0.6996E+05 0.121   858  1637  3162 924  50  20   6   0   0  -1  19.7  79
  748.0 0.6968E+05 0.121   858  1639  3163 924  50  20   6   0   0  -1  19.7  79
  749.0 0.6940E+05 0.120   858  1640  3165 924  50  20   6   0   0  -1  19.7  79
  750.0 0.6912E+05 0.120   858  1642  3167 923  50  20   6   0   0  -1  19.7  79
  751.0 0.6885E+05 0.120   858  1643  3169 923  51  20   6   0   0  -1  19.7  79
  752.0 0.6858E+05 0.119   858  1645  3171 923  51  21   6   0   0  -1  19.7  79
  753.0 0.6831E+05 0.119   858  1646  3172 923  51  21   6   0   0  -1  19.7  79
  754.0 0.6804E+05 0.118   858  1648  3174 923  51  21   6   0   0  -1  19.7  79
  755.0 0.6777E+05 0.118   858  1649  3176 923  51  21   6   0   0  -1  19.7  79
  756.0 0.6750E+05 0.117   858  1651  3178 922  51  21   6   0   0  -1  19.7  79
  757.0 0.6724E+05 0.117   858  1652  3180 922  51  21   6   0   0  -1  19.7  79
  758.0 0.6698E+05 0.116   858  1653  3182 922  51  21   6   0   0  -1  19.7  79
  759.0 0.6672E+05 0.116   858  1655  3183 922  51  21   6   0   0  -1  19.7  79
  760.0 0.6646E+05 0.115   858  1656  3185 922  51  21   6   0   0  -1  19.7  79
  761.0 0.6620E+05 0.115   858  1658  3187 921  51  22   6   0   0  -1  19.7  79
  762.0 0.6595E+05 0.114   858  1659  3189 921  51  22   6   0   0  -1  19.7  79
  763.0 0.6569E+05 0.114   858  1661  3191 921  51  22   6   0   0  -1  19.7  79
  764.0 0.6544E+05 0.114   858  1662  3192 921  51  22   6   0   0  -1  19.7  79
  765.0 0.6519E+05 0.113   858  1664  3194 921  51  22   6   0   0  -1  19.7  79
  766.0 0.6494E+05 0.113   858  1665  3196 921  51  22   6   0   0  -1  19.7  79
  767.0 0.6469E+05 0.112   858  1667  3198 920  51  22   6   0   0  -1  19.7  79
  768.0 0.6445E+05 0.112   858  1668  3200 920  51  22   6   0   0  -1  19.7  79
  769.0 0.6420E+05 0.111   858  1670  3201 920  51  22   6   0   0  -1  19.7  79
  770.0 0.6396E+05 0.111   858  1671  3203 920  51  22   6   0   0  -1  19.7  79
  771.0 0.6372E+05 0.111   858  1673  3205 920  52  23   6   0   0  -1  19.7  79
  772.0 0.6348E+05 0.110   858  1674  3207 919  52  23   6   0   0  -1  19.7  79
  773.0 0.6324E+05 0.110   858  1676  3209 919  52  23   6   0   0  -1  19.7  79
  774.0 0.6301E+05 0.109   858  1677  3210 919  52  23   6   0   0  -1  19.7  79
  775.0 0.6277E+05 0.109   858  1679  3212 919  52  23   6   0   0  -1  19.7  79
  776.0 0.6254E+05 0.109   858  1680  3214 919  52  23   6   0   0  -1  19.7  79
  777.0 0.6231E+05 0.108   858  1682  3216 918  52  23   6   0   0  -1  19.7  79
  778.0 0.6208E+05 0.108   858  1683  3217 918  52  23   7   0   0  -1  19.7  79
  779.0 0.6185E+05 0.107   858  1685  3219 918  52  24   7   0   0  -1  19.7  79
  780.0 0.6162E+05 0.107   858  1686  3221 918  52  24   7   0   0  -1  19.7  79
  781.0 0.6139E+05 0.107   858  1688  3223 918  52  24   7   0   0  -1  19.7  79
  782.0 0.6117E+05 0.106   858  1689  3225 918  52  24   7   0   0  -1  19.7  79
  783.0 0.6094E+05 0.106   858  1690  3226 917  52  24   7   0   0  -1  19.7  79
  784.0 0.6072E+05 0.105   858  1692  3228 917  52  24   7   0   0  -1  19.7  79
  785.0 0.6050E+05 0.105   858  1693  3230 917  52  24   7   0   0  -1  19.7  79
  786.0 0.6028E+05 0.105   858  1695  3232 917  52  24   7   0   0  -1  19.7  79
  787.0 0.6006E+05 0.104   858  1696  3233 917  52  24   7   0   0  -1  19.7  79
  788.0 0.5985E+05 0.104   858  1698  3235 916  52  25   7   0   0  -1  19.7  79
  789.0 0.5963E+05 0.104   858  1699  3237 916  52  25   7   0   0  -1  19.7  79
  790.0 0.5942E+05 0.103   858  1701  3239 916  52  25   7   0   0  -1  19.7  79
  791.0 0.5921E+05 0.103   858  1702  3240 916  52  25   7   0   0  -1  19.7  79
  792.0 0.5899E+05 0.102   858  1704  3242 916  52  25   7   0   0  -1  19.7  79
  793.0 0.5878E+05 0.102   858  1705  3244 915  52  25   7   0   0  -1  19.7  79
  794.0 0.5857E+05 0.102   858  1707  3246 915  52  25   7   0   0  -1  19.7  79
  795.0 0.5837E+05 0.101   858  1708  3247 915  52  25   7   0   0  -1  19.7  79
  796.0 0.5816E+05 0.101   858  1710  3249 915  53  26   7   0   0  -1  19.7  79
  797.0 0.5796E+05 0.101   858  1711  3251 915  53  26   7   0   0  -1  19.7  79
  798.0 0.5775E+05 0.100   858  1713  3252 914  53  26   7   0   0  -1  19.7  79
  799.0 0.5755E+05 0.100   858  1714  3254 914  53  26   7   0   0  -1  19.7  79
  800.0 0.5735E+05 0.100   858  1716  3256 914  53  26   7   0   0  -1  19.7  79
  801.0 0.5715E+05 0.099   858  1717  3258 914  53  26   7   0   0  -1  19.7  79
  802.0 0.5695E+05 0.099   858  1719  3259 914  53  26   7   0   0  -1  19.7  79
  803.0 0.5675E+05 0.099   858  1720  3261 913  53  27   7   0   0  -1  19.7  79
  804.0 0.5655E+05 0.098   858  1722  3263 913  53  27   7   0   0  -1  19.7  79
  805.0 0.5636E+05 0.098   858  1723  3264 913  53  27   7   0   0  -1  19.7  79
  806.0 0.5616E+05 0.097   858  1725  3266 913  53  27   7   0   0  -1  19.7  79
  807.0 0.5597E+05 0.097   858  1726  3268 912  53  27   8   0   0  -1  19.7  79
  808.0 0.5578E+05 0.097   858  1727  3269 912  53  27   8   0   0  -1  19.7  79
  809.0 0.5558E+05 0.096   858  1729  3271 912  53  27   8   0   0  -1  19.7  79
  810.0 0.5539E+05 0.096   858  1730  3273 912  53  28   8   0   0  -1  19.7  79
  811.0 0.5521E+05 0.096   858  1732  3274 912  53  28   8   0   0  -1  19.7  79
  812.0 0.5502E+05 0.096   858  1733  3276 911  53  28   8   0   0  -1  19.7  79
  813.0 0.5483E+05 0.095   858  1735  3277 911  53  28   8   0   0  -1  19.7  79
  814.0 0.5465E+05 0.095   858  1736  3279 911  53  28   8   0   0  -1  19.7  79
  815.0 0.5446E+05 0.095   858  1738  3281 911  53  28   8   0   0  -1  19.7  79
  816.0 0.5428E+05 0.094   858  1739  3282 911  53  28   8   0   0  -1  19.7  79
  817.0 0.5409E+05 0.094   858  1741  3284 910  53  29   8   0   0  -1  19.7  79
  818.0 0.5391E+05 0.094   858  1742  3285 910  53  29   8   0   0  -1  19.7  79
  819.0 0.5373E+05 0.093   858  1744  3287 910  53  29   8   0   0  -1  19.7  79
  820.0 0.5355E+05 0.093   858  1745  3288 910  53  29   8   0   0  -1  19.7  79
  821.0 0.5337E+05 0.093   858  1747  3290 909  53  29   8   0   0  -1  19.7  79
  822.0 0.5320E+05 0.092   858  1748  3291 909  53  29   8   0   0  -1  19.7  79
  823.0 0.5302E+05 0.092   858  1750  3293 909  54  29   8   0   0  -1  19.7  79
  824.0 0.5285E+05 0.092   858  1751  3294 909  54  30   8   0   0  -1  19.7  79
  825.0 0.5267E+05 0.091   858  1753  3296 909  54  30   8   0   0  -1  19.7  79
  826.0 0.5250E+05 0.091   858  1754  3297 908  54  30   8   0   0  -1  19.7  79
  827.0 0.5232E+05 0.091   858  1756  3299 908  54  30   8   0   0  -1  19.7  79
  828.0 0.5215E+05 0.091   858  1757  3300 908  54  30   8   0   0  -1  19.7  79
  829.0 0.5198E+05 0.090   858  1759  3302 908  54  30   8   0   0  -1  19.7  79
  830.0 0.5181E+05 0.090   858  1760  3303 907  54  30   8   0   0  -1  19.7  79
  831.0 0.5164E+05 0.090   858  1762  3304 907  54  31   8   0   0  -1  19.7  79
  832.0 0.5148E+05 0.089   858  1763  3306 907  54  31   9   0   0  -1  19.7  79
  833.0 0.5131E+05 0.089   858  1764  3307 907  54  31   9   0   0  -1  19.7  79
  834.0 0.5114E+05 0.089   858  1766  3308 906  54  31   9   0   0  -1  19.7  79
  835.0 0.5098E+05 0.088   858  1767  3310 906  54  31   9   0   0  -1  19.7  79
  836.0 0.5081E+05 0.088   858  1769  3311 906  54  31   9   0   0  -1  19.7  79
  837.0 0.5065E+05 0.088   858  1770  3312 906  54  32   9   0   0  -1  19.7  79
  838.0 0.5049E+05 0.088   858  1772  3314 905  54  32   9   0   0  -1  19.7  79
  839.0 0.5033E+05 0.087   858  1773  3315 905  54  32   9   0   0  -1  19.7  79
  840.0 0.5017E+05 0.087   858  1775  3316 905  54  32   9   0   0  -1  19.7  79
  841.0 0.5001E+05 0.087   858  1776  3317 905  54  32   9   0   0  -1  19.7  79
  842.0 0.4985E+05 0.087   858  1778  3318 905  54  32   9   0   0  -1  19.7  79
  843.0 0.4969E+05 0.086   858  1779  3320 904  54  33   9   0   0  -1  19.7  79
  844.0 0.4953E+05 0.086   858  1781  3321 904  54  33   9   0   0  -1  19.7  79
  845.0 0.4938E+05 0.086   858  1782  3322 904  54  33   9   0   0  -1  19.7  79
  846.0 0.4922E+05 0.085   858  1784  3323 904  54  33   9   0   0  -1  19.7  79
  847.0 0.4907E+05 0.085   858  1785  3324 903  54  33   9   0   0  -1  19.7  79
  848.0 0.4891E+05 0.085   858  1787  3325 903  54  33   9   0   0  -1  19.7  79
  849.0 0.4876E+05 0.085   858  1788  3326 903  54  34   9   0   0  -1  19.7  79
  850.0 0.4861E+05 0.084   858  1790  3327 903  54  34   9   0   0  -1  19.7  79
  851.0 0.4846E+05 0.084   858  1791  3328 902  54  34   9   0   0  -1  19.7  79
  852.0 0.4830E+05 0.084   858  1793  3329 902  55  34   9   0   0  -1  19.7  79
  853.0 0.4815E+05 0.084   858  1794  3330 902  55  34   9   0   0  -1  19.7  79
  854.0 0.4801E+05 0.083   858  1796  3331 902  55  34  10   0   0  -1  19.7  79
  855.0 0.4786E+05 0.083   858  1797  3332 901  55  35  10   0   0  -1  19.7  79
  856.0 0.4771E+05 0.083   858  1798  3333 901  55  35  10   0   0  -1  19.7  79
  857.0 0.4756E+05 0.083   858  1800  3334 901  55  35  10   0   0  -1  19.7  79
  858.0 0.4742E+05 0.082   858  1801  3335 901  55  35  10   0   0  -1  19.7  79
  859.0 0.4727E+05 0.082   858  1803  3335 900  55  35  10   0   0  -1  19.7  79
  860.0 0.4713E+05 0.082   858  1804  3336 900  55  35  10   0   0  -1  19.7  79
  861.0 0.4698E+05 0.082   858  1806  3337 900  55  36  10   0   0  -1  19.7  79
  862.0 0.4684E+05 0.081   858  1807  3338 900  55  36  10   0   0  -1  19.7  79
  863.0 0.4670E+05 0.081   858  1809  3339 899  55  36  10   0   0  -1  19.7  79
  864.0 0.4656E+05 0.081   858  1810  3339 899  55  36  10   0   0  -1  19.7  79
  865.0 0.4642E+05 0.081   858  1812  3340 899  55  36  10   0   0  -1  19.7  79
  866.0 0.4628E+05 0.080   858  1813  3341 898  55  36  10   0   0  -1  19.7  79
  867.0 0.4614E+05 0.080   858  1815  3341 898  55  37  10   0   0  -1  19.7  79
  868.0 0.4600E+05 0.080   858  1816  3342 898  55  37  10   0   0  -1  19.7  79
  869.0 0.4586E+05 0.080   858  1818  3343 898  55  37  10   0   0  -1  19.7  79
  870.0 0.4572E+05 0.079   858  1819  3343 897  55  37  10   0   0  -1  19.7  79
  871.0 0.4559E+05 0.079   858  1821  3344 897  55  37  10   0   0  -1  19.7  79
  872.0 0.4545E+05 0.079   858  1822  3345 897  55  38  10   0   0  -1  19.7  79
  873.0 0.4531E+05 0.079   858  1824  3345 897  55  38  10   0   0  -1  19.7  79
  874.0 0.4518E+05 0.078   858  1825  3346 896  55  38  10   0   0  -1  19.7  79
  875.0 0.4505E+05 0.078   858  1827  3346 896  55  38  11   0   0  -1  19.7  79
  876.0 0.4491E+05 0.078   858  1828  3347 896  55  38  11   0   0  -1  19.7  79
  877.0 0.4478E+05 0.078   858  1830  3347 896  55  38  11   0   0  -1  19.7  79
  878.0 0.4465E+05 0.078   858  1831  3348 895  55  39  11   0   0  -1  19.7  79
  879.0 0.4452E+05 0.077   858  1833  3348 895  55  39  11   0   0  -1  19.7  79
  880.0 0.4439E+05 0.077   858  1834  3349 895  55  39  11   0   0  -1  19.7  79
  881.0 0.4425E+05 0.077   858  1835  3349 895  55  39  11   0   0  -1  19.7  79
  882.0 0.4413E+05 0.077   858  1837  3350 894  56  39  11   0   0  -1  19.7  79
  883.0 0.4400E+05 0.076   858  1838  3350 894  56  40  11   0   0  -1  19.7  79
  884.0 0.4387E+05 0.076   858  1840  3351 894  56  40  11   0   0  -1  19.7  79
  885.0 0.4374E+05 0.076   858  1841  3351 893  56  40  11   0   0  -1  19.7  79
  886.0 0.4361E+05 0.076   858  1843  3352 893  56  40  11   0   0  -1  19.7  79
  887.0 0.4349E+05 0.075   858  1844  3352 893  56  40  11   0   0  -1  19.7  79
  888.0 0.4336E+05 0.075   858  1846  3353 893  56  40  11   0   0  -1  19.7  79
  889.0 0.4324E+05 0.075   858  1847  3353 892  56  41  11   0   0  -1  19.7  79
  890.0 0.4311E+05 0.075   858  1849  3353 892  56  41  11   0   0  -1  19.7  79
  891.0 0.4299E+05 0.075   858  1850  3354 892  56  41  11   0   0  -1  19.7  79
  892.0 0.4286E+05 0.074   858  1852  3354 892  56  41  11   0   0  -1  19.7  79
  893.0 0.4274E+05 0.074   858  1853  3354 891  56  41  11   0   0  -1  19.7  79
  894.0 0.4262E+05 0.074   858  1855  3355 891  56  42  11   0   0  -1  19.7  79
  895.0 0.4250E+05 0.074   858  1856  3355 891  56  42  12   0   0  -1  19.7  79
  896.0 0.4238E+05 0.074   858  1858  3355 890  56  42  12   0   0  -1  19.7  79
  897.0 0.4226E+05 0.073   858  1859  3356 890  56  42  12   0   0  -1  19.7  79
  898.0 0.4214E+05 0.073   858  1861  3356 890  56  42  12   0   0  -1  19.7  79
  899.0 0.4202E+05 0.073   858  1862  3356 890  56  43  12   0   0  -1  19.7  79
  900.0 0.4190E+05 0.073   858  1864  3357 889  56  43  12   0   0  -1  19.7  79
  901.0 0.4178E+05 0.073   858  1865  3357 889  56  43  12   0   0  -1  19.7  79
  902.0 0.4166E+05 0.072   858  1867  3357 889  56  43  12   0   0  -1  19.7  79
  903.0 0.4155E+05 0.072   858  1868  3358 888  56  43  12   0   0  -1  19.7  79
  904.0 0.4143E+05 0.072   858  1870  3358 888  56  43  12   0   0  -1  19.7  79
  905.0 0.4131E+05 0.072   858  1871  3358 888  56  44  12   0   0  -1  19.7  79
  906.0 0.4120E+05 0.072   858  1872  3359 888  56  44  12   0   0  -1  19.7  79
  907.0 0.4108E+05 0.071   858  1874  3359 887  56  44  12   0   0  -1  19.7  79
  908.0 0.4097E+05 0.071   858  1875  3359 887  56  44  12   0   0  -1  19.7  79
  909.0 0.4085E+05 0.071   858  1877  3359 887  56  44  12   0   0  -1  19.7  79
  910.0 0.4074E+05 0.071   858  1878  3360 887  57  45  12   0   0  -1  19.7  79
  911.0 0.4063E+05 0.071   858  1880  3360 886  57  45  12   0   0  -1  19.7  79
  912.0 0.4052E+05 0.070   858  1881  3360 886  57  45  12   0   0  -1  19.7  79
  913.0 0.4040E+05 0.070   858  1883  3361 886  57  45  12   0   0  -1  19.7  79
  914.0 0.4029E+05 0.070   858  1884  3361 885  57  45  13   0   0  -1  19.7  79
  915.0 0.4018E+05 0.070   858  1886  3361 885  57  46  13   0   0  -1  19.7  79
  916.0 0.4007E+05 0.070   858  1887  3361 885  57  46  13   0   0  -1  19.7  79
  917.0 0.3996E+05 0.069   858  1889  3362 885  57  46  13   0   0  -1  19.7  79
  918.0 0.3985E+05 0.069   858  1890  3362 884  57  46  13   0   0  -1  19.7  79
  919.0 0.3974E+05 0.069   858  1892  3362 884  57  46  13   0   0  -1  19.7  79
  920.0 0.3963E+05 0.069   858  1893  3362 884  57  47  13   0   0  -1  19.7  79
  921.0 0.3953E+05 0.069   858  1895  3363 883  57  47  13   0   0  -1  19.7  79
  922.0 0.3942E+05 0.068   858  1896  3363 883  57  47  13   0   0  -1  19.7  79
  923.0 0.3931E+05 0.068   858  1898  3363 883  57  47  13   0   0  -1  19.7  79
  924.0 0.3920E+05 0.068   858  1899  3363 883  57  47  13   0   0  -1  19.7  79
  925.0 0.3910E+05 0.068   858  1901  3363 882  57  47  13   0   0  -1  19.7  79
  926.0 0.3899E+05 0.068   858  1902  3364 882  57  48  13   0   0  -1  19.7  79
  927.0 0.3889E+05 0.068   858  1904  3364 882  57  48  13   0   0  -1  19.7  79
  928.0 0.3878E+05 0.067   858  1905  3364 881  57  48  13   0   0  -1  19.7  79
  929.0 0.3868E+05 0.067   858  1907  3364 881  57  48  13   0   0  -1  19.7  79
  930.0 0.3858E+05 0.067   858  1908  3365 881  57  48  13   0   0  -1  19.7  79
  931.0 0.3847E+05 0.067   858  1909  3365 881  57  49  13   0   0  -1  19.7  79
  932.0 0.3837E+05 0.067   858  1911  3365 880  57  49  14   0   0  -1  19.7  79
  933.0 0.3827E+05 0.066   858  1912  3365 880  57  49  14   0   0  -1  19.7  79
  934.0 0.3816E+05 0.066   858  1914  3365 880  57  49  14   0   0  -1  19.7  79
  935.0 0.3806E+05 0.066   858  1915  3366 879  57  49  14   0   0  -1  19.7  79
  936.0 0.3796E+05 0.066   858  1917  3366 879  57  50  14   0   0  -1  19.7  79
  937.0 0.3786E+05 0.066   858  1918  3366 879  57  50  14   0   0  -1  19.7  79
  938.0 0.3776E+05 0.066   858  1920  3366 879  58  50  14   0   0  -1  19.7  79
  939.0 0.3766E+05 0.065   858  1921  3367 878  58  50  14   0   0  -1  19.7  79
  940.0 0.3756E+05 0.065   858  1923  3367 878  58  50  14   0   0  -1  19.7  79
  941.0 0.3746E+05 0.065   858  1924  3367 878  58  51  14   0   0  -1  19.7  79
  942.0 0.3736E+05 0.065   858  1926  3367 877  58  51  14   0   0  -1  19.7  79
  943.0 0.3727E+05 0.065   858  1927  3367 877  58  51  14   0   0  -1  19.7  79
  944.0 0.3717E+05 0.065   858  1929  3368 877  58  51  14   0   0  -1  19.7  79
  945.0 0.3707E+05 0.064   858  1930  3368 877  58  51  14   0   0  -1  19.7  79
  946.0 0.3697E+05 0.064   858  1932  3368 876  58  52  14   0   0  -1  19.7  79
  947.0 0.3688E+05 0.064   858  1933  3368 876  58  52  14   0   0  -1  19.7  79
  948.0 0.3678E+05 0.064   858  1935  3368 876  58  52  14   0   0  -1  19.7  79
  949.0 0.3668E+05 0.064   858  1936  3369 875  58  52  14   0   0  -1  19.7  79
  950.0 0.3659E+05 0.064   858  1938  3369 875  58  52  15   0   0  -1  19.7  79
  951.0 0.3649E+05 0.063   858  1939  3369 875  58  53  15   0   0  -1  19.7  79
  952.0 0.3640E+05 0.063   858  1941  3369 875  58  53  15   0   0  -1  19.7  79
  953.0 0.3631E+05 0.063   858  1942  3369 874  58  53  15   0   0  -1  19.7  79
  954.0 0.3621E+05 0.063   858  1944  3370 874  58  53  15   0   0  -1  19.7  79
  955.0 0.3612E+05 0.063   858  1945  3370 874  58  53  15   0   0  -1  19.7  79
  956.0 0.3603E+05 0.063   858  1946  3370 873  58  54  15   0   0  -1  19.7  79
  957.0 0.3593E+05 0.062   858  1948  3370 873  58  54  15   0   0  -1  19.7  79
  958.0 0.3584E+05 0.062   858  1949  3370 873  58  54  15   0   0  -1  19.7  79
  959.0 0.3575E+05 0.062   858  1951  3371 872  58  54  15   0   0  -1  19.7  79
  960.0 0.3566E+05 0.062   858  1952  3371 872  58  54  15   0   0  -1  19.7  79
  961.0 0.3557E+05 0.062   858  1954  3371 872  58  55  15   0   0  -1  19.7  79
  962.0 0.3547E+05 0.062   858  1955  3371 872  58  55  15   0   0  -1  19.7  79
  963.0 0.3538E+05 0.061   858  1957  3371 871  58  55  15   0   0  -1  19.7  79
  964.0 0.3529E+05 0.061   858  1958  3372 871  59  55  15   0   0  -1  19.7  79
  965.0 0.3520E+05 0.061   858  1960  3372 871  59  55  15   0   0  -1  19.7  79
  966.0 0.3511E+05 0.061   858  1961  3372 870  59  56  15   0   0  -1  19.7  79
  967.0 0.3503E+05 0.061   858  1963  3372 870  59  56  15   0   0  -1  19.7  79
  968.0 0.3494E+05 0.061   858  1964  3372 870  59  56  16   0   0  -1  19.7  79
  969.0 0.3485E+05 0.060   858  1966  3373 869  59  56  16   0   0  -1  19.7  79
  970.0 0.3476E+05 0.060   858  1967  3373 869  59  57  16   0   0  -1  19.7  79
  971.0 0.3467E+05 0.060   858  1969  3373 869  59  57  16   0   0  -1  19.7  79
  972.0 0.3459E+05 0.060   858  1970  3373 868  59  57  16   0   0  -1  19.7  79
  973.0 0.3450E+05 0.060   858  1972  3373 868  59  57  16   0   0  -1  19.7  79
  974.0 0.3441E+05 0.060   858  1973  3374 868  59  57  16   0   0  -1  19.7  79
  975.0 0.3433E+05 0.060   858  1975  3374 868  59  58  16   0   0  -1  19.7  79
  976.0 0.3424E+05 0.059   858  1976  3374 867  59  58  16   0   0  -1  19.7  79
  977.0 0.3415E+05 0.059   858  1978  3374 867  59  58  16   0   0  -1  19.7  79
  978.0 0.3407E+05 0.059   858  1979  3374 867  59  58  16   0   0  -1  19.7  79
  979.0 0.3398E+05 0.059   858  1980  3375 866  59  58  16   0   0  -1  19.7  79
  980.0 0.3390E+05 0.059   858  1982  3375 866  59  59  16   0   0  -1  19.7  79
  981.0 0.3381E+05 0.059   858  1983  3375 866  59  59  16   0   0  -1  19.7  79
  982.0 0.3373E+05 0.059   858  1985  3375 865  59  59  16   0   0  -1  19.7  79
  983.0 0.3365E+05 0.058   858  1986  3375 865  59  59  16   0   0  -1  19.7  79
  984.0 0.3356E+05 0.058   858  1988  3376 865  59  60  16   0   0  -1  19.7  79
  985.0 0.3348E+05 0.058   858  1989  3376 864  59  60  17   0   0  -1  19.7  79
  986.0 0.3340E+05 0.058   858  1991  3376 864  59  60  17   0   0  -1  19.7  79
  987.0 0.3332E+05 0.058   858  1992  3376 864  59  60  17   0   0  -1  19.7  79
  988.0 0.3323E+05 0.058   858  1994  3376 863  59  60  17   0   0  -1  19.7  79
  989.0 0.3315E+05 0.058   858  1995  3377 863  60  61  17   0   0  -1  19.7  79
  990.0 0.3307E+05 0.057   858  1997  3377 863  60  61  17   0   0  -1  19.7  79
  991.0 0.3299E+05 0.057   858  1998  3377 862  60  61  17   0   0  -1  19.7  79
  992.0 0.3291E+05 0.057   858  2000  3377 862  60  61  17   0   0  -1  19.7  79
  993.0 0.3283E+05 0.057   858  2001  3377 862  60  62  17   0   0  -1  19.7  79
  994.0 0.3275E+05 0.057   858  2003  3378 861  60  62  17   0   0  -1  19.7  79
  995.0 0.3267E+05 0.057   858  2004  3378 861  60  62  17   0   0  -1  19.7  79
  996.0 0.3259E+05 0.057   858  2006  3378 861  60  62  17   0   0  -1  19.7  79
  997.0 0.3251E+05 0.056   858  2007  3378 860  60  62  17   0   0  -1  19.7  79
  998.0 0.3243E+05 0.056   858  2009  3378 860  60  63  17   0   0  -1  19.7  79
  999.0 0.3235E+05 0.056   858  2010  3378 860  60  63  17   0   0  -1  19.7  79
